     Index              y_true              y_pred        descriptor_1
         1    0.2271377974E+01    0.2559995909E+01   -0.3799096566E+01
         2    0.1588008659E+01    0.2392258465E+01   -0.3747457940E+01
         3    0.2209839639E+01    0.3294960815E+01   -0.4025358378E+01
         4    0.2463148154E+01    0.3375347921E+01   -0.4050105862E+01
         5    0.2329749567E+01    0.3173557912E+01   -0.3987984021E+01
         6    0.2429485571E+01    0.3026160172E+01   -0.3942607052E+01
         7    0.6244289053E+01    0.5064992868E+01   -0.4570269647E+01
         8    0.4424606403E+01    0.5281784447E+01   -0.4637009780E+01
         9    0.4468437780E+01    0.4486406563E+01   -0.4392149597E+01
        10    0.6714303958E+01    0.5040004034E+01   -0.4562576737E+01
        11    0.5011133502E+01    0.5317366079E+01   -0.4647963724E+01
        12    0.2724903409E+01    0.4299763655E+01   -0.4334690850E+01
        13    0.5539162781E+01    0.5240838284E+01   -0.4624404344E+01
        14    0.4470408025E+01    0.5090076032E+01   -0.4577991597E+01
        15    0.3854569041E+01    0.4979951577E+01   -0.4544089354E+01
        16    0.5433290198E+01    0.5251088763E+01   -0.4627559994E+01
        17    0.5986508388E+01    0.5241807107E+01   -0.4624702600E+01
        18    0.1563619794E+01    0.2522452246E+01   -0.3787538603E+01
        19    0.1964216946E+01    0.2517870647E+01   -0.3786128140E+01
        20    0.1808413781E+01    0.2509725582E+01   -0.3783620650E+01
        21    0.1960124213E+01    0.3126372429E+01   -0.3973457786E+01
        22    0.2340015836E+01    0.3120910445E+01   -0.3971776293E+01
        23    0.1879607244E+01    0.3111200248E+01   -0.3968786971E+01
        24    0.4328128024E+01    0.2509315826E+01   -0.3783494505E+01
        25    0.3626033808E+01    0.2681648167E+01   -0.3836547688E+01
        26    0.4970470299E+01    0.5321538175E+01   -0.4649248120E+01
        27    0.4463562762E+01    0.4059468397E+01   -0.4260715018E+01
        28    0.4034214553E+01    0.4227464658E+01   -0.4312433322E+01
        29    0.5483972841E+01    0.6750445648E+01   -0.5089142857E+01
        30    0.6184184368E+01    0.5064992868E+01   -0.4570269647E+01
        31    0.4315178502E+01    0.5281784447E+01   -0.4637009780E+01
        32    0.4287108980E+01    0.4486406563E+01   -0.4392149597E+01
        33    0.4627970425E+01    0.5240838284E+01   -0.4624404344E+01
        34    0.4523332783E+01    0.5090076032E+01   -0.4577991597E+01
        35    0.3576461963E+01    0.4979951577E+01   -0.4544089354E+01
        36    0.6058052797E+01    0.4833320649E+01   -0.4498948451E+01
        37    0.6013650450E+01    0.4671526118E+01   -0.4449139374E+01
        38    0.5213692565E+01    0.4553343123E+01   -0.4412756278E+01
        39    0.5816440504E+01    0.5494297211E+01   -0.4702432663E+01
        40    0.5664073810E+01    0.5301412755E+01   -0.4643052431E+01
        41    0.4602333652E+01    0.5160520084E+01   -0.4599678073E+01
        42    0.4800734589E+01    0.4644349760E+01   -0.4440773026E+01
        43    0.3988366624E+01    0.3399397891E+01   -0.4057509739E+01
        44    0.3917392518E+01    0.2289637839E+01   -0.3715865780E+01
        45    0.5599596850E+01    0.6067967230E+01   -0.4879039215E+01
        46    0.4651035323E+01    0.4970782156E+01   -0.4541266512E+01
        47    0.4346187420E+01    0.3778852318E+01   -0.4174326264E+01
        48    0.4782409055E+01    0.4644349760E+01   -0.4440773026E+01
        49    0.4771205320E+01    0.3035909319E+01   -0.3945608365E+01
        50    0.5203527312E+01    0.5793248448E+01   -0.4794465967E+01
        51    0.5337295524E+01    0.6750445648E+01   -0.5089142857E+01
        52    0.6293181457E+01    0.5064992868E+01   -0.4570269647E+01
        53    0.3887295424E+01    0.5281784447E+01   -0.4637009780E+01
        54    0.3689597479E+01    0.4486406563E+01   -0.4392149597E+01
        55    0.6645078972E+01    0.4621527960E+01   -0.4433747246E+01
        56    0.5300603221E+01    0.5054822605E+01   -0.4567138692E+01
        57    0.5030830694E+01    0.5050741822E+01   -0.4565882407E+01
        58    0.5131545825E+01    0.5742887910E+01   -0.4778962279E+01
        59    0.6523022301E+01    0.5740696228E+01   -0.4778287561E+01
        60    0.5631049445E+01    0.5251088763E+01   -0.4627559994E+01
        61    0.5307607378E+01    0.6071355295E+01   -0.4880082244E+01
        62    0.4730528299E+01    0.5160520084E+01   -0.4599678073E+01
        63    0.1605877655E+01    0.2947522857E+01   -0.3918398248E+01
        64    0.2562581276E+01    0.3237690821E+01   -0.4007727587E+01
        65    0.1423007374E+01    0.2173105292E+01   -0.3679990781E+01
        66    0.1548754523E+01    0.3633123275E+01   -0.4129463010E+01
        67    0.2497220519E+01    0.3979049003E+01   -0.4235957594E+01
        68    0.2036421682E+01    0.2709896060E+01   -0.3845243912E+01
        69    0.1696293082E+01    0.2947522857E+01   -0.3918398248E+01
        70    0.2393978169E+01    0.3237690821E+01   -0.4007727587E+01
        71    0.1842956209E+01    0.2173105292E+01   -0.3679990781E+01
        72    0.2115742695E+01    0.3120910445E+01   -0.3971776293E+01
        73    0.2324315410E+01    0.3111200248E+01   -0.3968786971E+01
        74    0.6023370389E+01    0.4903445104E+01   -0.4520536538E+01
        75    0.4537062608E+01    0.4776983350E+01   -0.4481604794E+01
        76    0.3214799793E+01    0.4684609217E+01   -0.4453167057E+01
        77    0.6375504982E+01    0.4833320649E+01   -0.4498948451E+01
        78    0.6142036210E+01    0.4671526118E+01   -0.4449139374E+01
        79    0.5432554827E+01    0.4553343123E+01   -0.4412756278E+01
        80    0.5236543012E+01    0.5050741822E+01   -0.4565882407E+01
        81    0.5417162109E+01    0.5043487098E+01   -0.4563649012E+01
        82    0.6817073092E+01    0.5256309698E+01   -0.4629167279E+01
        83    0.6398742919E+01    0.5107948192E+01   -0.4583493611E+01
        84    0.7117395296E+01    0.6136616953E+01   -0.4900173300E+01
        85    0.2341269868E+01    0.2559995909E+01   -0.3799096566E+01
        86    0.1686086439E+01    0.2392258465E+01   -0.3747457940E+01
        87    0.1962004355E+01    0.3294960815E+01   -0.4025358378E+01
        88    0.2711951359E+01    0.3171130361E+01   -0.3987236690E+01
        89    0.2042803707E+01    0.2971161018E+01   -0.3925675348E+01
        90    0.2065608799E+01    0.4047323818E+01   -0.4256976262E+01
        91    0.4551475838E+01    0.4094531341E+01   -0.4271509282E+01
        92    0.4690470077E+01    0.3035909319E+01   -0.3945608365E+01
        93    0.3520095171E+01    0.2055121374E+01   -0.3643668972E+01
        94    0.4630992305E+01    0.5793248448E+01   -0.4794465967E+01
        95    0.5290320619E+01    0.4562414042E+01   -0.4415548796E+01
        96    0.4134395041E+01    0.3567931923E+01   -0.4109393598E+01
        97    0.5969642723E+01    0.4903445104E+01   -0.4520536538E+01
        98    0.4572972107E+01    0.4776983350E+01   -0.4481604794E+01
        99    0.3516069293E+01    0.4684609217E+01   -0.4453167057E+01
       100    0.4235459161E+01    0.5050741822E+01   -0.4565882407E+01
       101    0.5355879366E+01    0.5043487098E+01   -0.4563649012E+01
       102    0.6570992021E+01    0.4633692964E+01   -0.4437492290E+01
       103    0.5594921286E+01    0.4629313562E+01   -0.4436144074E+01
       104    0.6581941225E+01    0.4621527960E+01   -0.4433747246E+01
       105    0.6347028560E+01    0.5256309698E+01   -0.4629167279E+01
       106    0.5358477578E+01    0.5251088763E+01   -0.4627559994E+01
       107    0.6194619891E+01    0.5241807107E+01   -0.4624702600E+01
       108    0.4444378266E+01    0.3067395498E+01   -0.3955301508E+01
       109    0.4410651530E+01    0.2604204646E+01   -0.3812706398E+01
       110    0.4523354721E+01    0.3151427424E+01   -0.3981171064E+01
       111    0.4072196491E+01    0.4500081384E+01   -0.4396359444E+01
       112    0.4796419169E+01    0.3985336151E+01   -0.4237893117E+01
       113    0.4767996235E+01    0.4618986085E+01   -0.4432964720E+01
       114    0.4716535002E+01    0.3067395498E+01   -0.3955301508E+01
       115    0.4535834564E+01    0.2604204646E+01   -0.3812706398E+01
       116    0.4635133763E+01    0.3151427424E+01   -0.3981171064E+01
       117    0.5004303233E+01    0.6067967230E+01   -0.4879039215E+01
       118    0.4770044727E+01    0.4562414042E+01   -0.4415548796E+01
       119    0.3961487736E+01    0.3567931923E+01   -0.4109393598E+01
       120    0.6417723431E+01    0.4633692964E+01   -0.4437492290E+01
       121    0.5867241689E+01    0.4903445104E+01   -0.4520536538E+01
       122    0.4803881267E+01    0.4776983350E+01   -0.4481604794E+01
       123    0.3905669365E+01    0.4684609217E+01   -0.4453167057E+01
       124    0.6377828005E+01    0.4509244990E+01   -0.4399180496E+01
       125    0.5937513434E+01    0.5372108588E+01   -0.4664816419E+01
       126    0.3314447090E+01    0.5088262351E+01   -0.4577433248E+01
       127    0.3768005716E+01    0.4938860361E+01   -0.4531439263E+01
       128    0.3064709989E+01    0.4743662924E+01   -0.4471346971E+01
       129    0.6830337149E+01    0.5494297211E+01   -0.4702432663E+01
       130    0.5733969426E+01    0.5301412755E+01   -0.4643052431E+01
       131    0.2126567246E+01    0.2731296819E+01   -0.3851832219E+01
       132    0.1912019945E+01    0.2562032177E+01   -0.3799723439E+01
       133    0.2030780700E+01    0.2438392625E+01   -0.3761660521E+01
       134    0.2311684118E+01    0.3375347921E+01   -0.4050105862E+01
       135    0.2172653965E+01    0.3173557912E+01   -0.3987984021E+01
       136    0.2342079464E+01    0.3026160172E+01   -0.3942607052E+01
       137    0.1997014787E+01    0.2731296819E+01   -0.3851832219E+01
       138    0.2117075344E+01    0.2438392625E+01   -0.3761660521E+01
       139    0.2768793192E+01    0.3171130361E+01   -0.3987236690E+01
       140    0.1793038091E+01    0.2971161018E+01   -0.3925675348E+01
       141    0.2870550432E+01    0.4047323818E+01   -0.4256976262E+01
       142    0.6227888685E+01    0.4747412216E+01   -0.4472501205E+01
       143    0.4806968304E+01    0.4743989193E+01   -0.4471447414E+01
       144    0.5747555556E+01    0.4737903813E+01   -0.4469574006E+01
       145    0.6633241997E+01    0.4633692964E+01   -0.4437492290E+01
       146    0.5194494982E+01    0.4629313562E+01   -0.4436144074E+01
       147    0.6382826490E+01    0.4621527960E+01   -0.4433747246E+01
       148    0.3581515296E+01    0.5088262351E+01   -0.4577433248E+01
       149    0.4029499195E+01    0.4938860361E+01   -0.4531439263E+01
       150    0.5006098947E+01    0.5742887910E+01   -0.4778962279E+01
       151    0.4357243335E+01    0.5299092339E+01   -0.4642338082E+01
       152    0.5238300818E+01    0.6071355295E+01   -0.4880082244E+01
       153    0.5675460698E+01    0.4858213580E+01   -0.4506611837E+01
       154    0.1679042179E+01    0.2947522857E+01   -0.3918398248E+01
       155    0.2395729642E+01    0.3237690821E+01   -0.4007727587E+01
       156    0.1737415858E+01    0.2173105292E+01   -0.3679990781E+01
       157    0.1917367094E+01    0.3633123275E+01   -0.4129463010E+01
       158    0.2754131480E+01    0.3979049003E+01   -0.4235957594E+01
       159    0.2027842007E+01    0.2709896060E+01   -0.3845243912E+01
       160    0.4813046074E+01    0.4644349760E+01   -0.4440773026E+01
       161    0.3974776421E+01    0.3399397891E+01   -0.4057509739E+01
       162    0.3920541969E+01    0.2289637839E+01   -0.3715865780E+01
       163    0.5071202015E+01    0.6067967230E+01   -0.4879039215E+01
       164    0.4598321610E+01    0.4970782156E+01   -0.4541266512E+01
       165    0.4346024058E+01    0.3778852318E+01   -0.4174326264E+01
       166    0.6127085940E+01    0.4747412216E+01   -0.4472501205E+01
       167    0.4754208319E+01    0.4743989193E+01   -0.4471447414E+01
       168    0.5646512711E+01    0.4737903813E+01   -0.4469574006E+01
       169    0.5184954822E+01    0.5054822605E+01   -0.4567138692E+01
       170    0.3623681847E+01    0.4938860361E+01   -0.4531439263E+01
       171    0.4360052348E+01    0.5742887910E+01   -0.4778962279E+01
       172    0.5300369123E+01    0.4669579718E+01   -0.4448540167E+01
       173    0.6305918995E+01    0.4509244990E+01   -0.4399180496E+01
       174    0.5745542000E+01    0.5372108588E+01   -0.4664816419E+01
       175    0.4578679480E+01    0.5299092339E+01   -0.4642338082E+01
       176    0.7231217800E+01    0.5107948192E+01   -0.4583493611E+01
       177    0.5253120612E+01    0.6136616953E+01   -0.4900173300E+01
       178    0.4470730484E+01    0.2509315826E+01   -0.3783494505E+01
       179    0.3034834171E+01    0.2681648167E+01   -0.3836547688E+01
       180    0.5092112133E+01    0.5321538175E+01   -0.4649248120E+01
       181    0.4471742401E+01    0.4059468397E+01   -0.4260715018E+01
       182    0.3922537798E+01    0.4227464658E+01   -0.4312433322E+01
       183    0.5340951144E+01    0.6750445648E+01   -0.5089142857E+01
       184    0.4458777006E+01    0.2509315826E+01   -0.3783494505E+01
       185    0.4098065208E+01    0.2681648167E+01   -0.3836547688E+01
       186    0.5153421153E+01    0.5321538175E+01   -0.4649248120E+01
       187    0.4966878690E+01    0.4500081384E+01   -0.4396359444E+01
       188    0.4624259039E+01    0.3985336151E+01   -0.4237893117E+01
       189    0.4582592154E+01    0.4970782156E+01   -0.4541266512E+01
       190    0.4424409886E+01    0.3778852318E+01   -0.4174326264E+01
       191    0.4342834041E+01    0.4743989193E+01   -0.4471447414E+01
       192    0.5383132905E+01    0.4737903813E+01   -0.4469574006E+01
       193    0.4879111126E+01    0.4669579718E+01   -0.4448540167E+01
       194    0.5759951723E+01    0.4629313562E+01   -0.4436144074E+01
       195    0.5522228129E+01    0.5317366079E+01   -0.4647963724E+01
       196    0.5253460151E+01    0.4299763655E+01   -0.4334690850E+01
       197    0.5623999412E+01    0.5433428555E+01   -0.4683694010E+01
       198    0.4865340660E+01    0.5691878126E+01   -0.4763258718E+01
       199    0.3539576278E+01    0.4979951577E+01   -0.4544089354E+01
       200    0.6825937572E+01    0.6136616953E+01   -0.4900173300E+01
       201    0.2145794566E+01    0.2517870647E+01   -0.3786128140E+01
       202    0.1792878429E+01    0.2509725582E+01   -0.3783620650E+01
       203    0.1941259428E+01    0.3126372429E+01   -0.3973457786E+01
       204    0.2275744716E+01    0.3120910445E+01   -0.3971776293E+01
       205    0.2017324425E+01    0.3111200248E+01   -0.3968786971E+01
       206    0.1561346295E+01    0.2522452246E+01   -0.3787538603E+01
       207    0.1890096978E+01    0.2517870647E+01   -0.3786128140E+01
       208    0.1710174949E+01    0.2509725582E+01   -0.3783620650E+01
       209    0.1733889322E+01    0.3633123275E+01   -0.4129463010E+01
       210    0.2403405864E+01    0.3979049003E+01   -0.4235957594E+01
       211    0.1789979678E+01    0.2709896060E+01   -0.3845243912E+01
       212    0.2944220046E+01    0.4775462005E+01   -0.4481136442E+01
       213    0.5213365605E+01    0.4650141257E+01   -0.4442555961E+01
       214    0.5790689290E+01    0.5324572260E+01   -0.4650182175E+01
       215    0.5600769939E+01    0.4669579718E+01   -0.4448540167E+01
       216    0.3947450403E+01    0.4509244990E+01   -0.4399180496E+01
       217    0.6093392542E+01    0.5372108588E+01   -0.4664816419E+01
       218    0.6210243103E+01    0.5433428555E+01   -0.4683694010E+01
       219    0.5007630856E+01    0.5691878126E+01   -0.4763258718E+01
       220    0.3258692407E+01    0.4743662924E+01   -0.4471346971E+01
       221    0.7079493120E+01    0.5494297211E+01   -0.4702432663E+01
       222    0.5539232561E+01    0.5301412755E+01   -0.4643052431E+01
       223    0.4427263342E+01    0.5160520084E+01   -0.4599678073E+01
       224    0.1675662958E+01    0.2731296819E+01   -0.3851832219E+01
       225    0.1911851995E+01    0.2562032177E+01   -0.3799723439E+01
       226    0.2074058710E+01    0.2438392625E+01   -0.3761660521E+01
       227    0.1889694579E+01    0.3375347921E+01   -0.4050105862E+01
       228    0.2235089544E+01    0.3173557912E+01   -0.3987984021E+01
       229    0.2391718901E+01    0.3026160172E+01   -0.3942607052E+01
       230    0.4551678031E+01    0.3067395498E+01   -0.3955301508E+01
       231    0.4407790320E+01    0.2604204646E+01   -0.3812706398E+01
       232    0.4394605061E+01    0.3151427424E+01   -0.3981171064E+01
       233    0.4872036601E+01    0.4500081384E+01   -0.4396359444E+01
       234    0.5071959079E+01    0.3985336151E+01   -0.4237893117E+01
       235    0.5136135176E+01    0.4618986085E+01   -0.4432964720E+01
       236    0.3197944428E+01    0.4775462005E+01   -0.4481136442E+01
       237    0.5059853658E+01    0.4650141257E+01   -0.4442555961E+01
       238    0.5342680175E+01    0.5324572260E+01   -0.4650182175E+01
       239    0.3197498319E+01    0.5088262351E+01   -0.4577433248E+01
       240    0.3767598455E+01    0.5691878126E+01   -0.4763258718E+01
       241    0.2815691735E+01    0.4743662924E+01   -0.4471346971E+01
       242    0.6867468069E+01    0.5040004034E+01   -0.4562576737E+01
       243    0.5333658689E+01    0.5317366079E+01   -0.4647963724E+01
       244    0.5209025640E+01    0.4299763655E+01   -0.4334690850E+01
       245    0.6603191803E+01    0.5740696228E+01   -0.4778287561E+01
       246    0.5005655022E+01    0.6071355295E+01   -0.4880082244E+01
       247    0.6215337862E+01    0.4858213580E+01   -0.4506611837E+01
       248    0.4410789617E+01    0.4094531341E+01   -0.4271509282E+01
       249    0.4728994418E+01    0.3035909319E+01   -0.3945608365E+01
       250    0.3070247734E+01    0.2055121374E+01   -0.3643668972E+01
       251    0.5612002702E+01    0.5793248448E+01   -0.4794465967E+01
       252    0.4928066065E+01    0.4562414042E+01   -0.4415548796E+01
       253    0.4182844139E+01    0.3567931923E+01   -0.4109393598E+01
       254    0.4785902940E+01    0.4094531341E+01   -0.4271509282E+01
       255    0.3827384573E+01    0.2055121374E+01   -0.3643668972E+01
       256    0.4551067419E+01    0.4059468397E+01   -0.4260715018E+01
       257    0.4312652488E+01    0.4227464658E+01   -0.4312433322E+01
       258    0.4742742945E+01    0.4618986085E+01   -0.4432964720E+01
       259    0.3630109062E+01    0.4775462005E+01   -0.4481136442E+01
       260    0.4515987635E+01    0.4650141257E+01   -0.4442555961E+01
       261    0.5674093832E+01    0.5324572260E+01   -0.4650182175E+01
       262    0.6365433187E+01    0.4833320649E+01   -0.4498948451E+01
       263    0.5661587764E+01    0.4671526118E+01   -0.4449139374E+01
       264    0.4816504628E+01    0.4553343123E+01   -0.4412756278E+01
       265    0.5613111015E+01    0.5240838284E+01   -0.4624404344E+01
       266    0.4449904893E+01    0.5090076032E+01   -0.4577991597E+01
       267    0.4607507529E+01    0.5299092339E+01   -0.4642338082E+01
       268    0.7271891038E+01    0.5107948192E+01   -0.4583493611E+01
       269    0.6314310967E+01    0.4858213580E+01   -0.4506611837E+01
       270    0.2328544331E+01    0.2559995909E+01   -0.3799096566E+01
       271    0.1347678248E+01    0.2392258465E+01   -0.3747457940E+01
       272    0.2476369027E+01    0.3294960815E+01   -0.4025358378E+01
       273    0.2654117169E+01    0.3171130361E+01   -0.3987236690E+01
       274    0.2043230623E+01    0.2971161018E+01   -0.3925675348E+01
       275    0.2579341907E+01    0.4047323818E+01   -0.4256976262E+01
