Model_ID, [(c_i,i=0,n)_j,j=1,ntask]
           1    0.4870279068E+01   -0.1223844579E-01
           2    0.4871961915E+01   -0.1085690987E+03
           3    0.4869120703E+01   -0.2009557102E+00
           4    0.4886357117E+01   -0.2241537948E-01
           5    0.4894083673E+01   -0.4637364487E-02
           6    0.4865244999E+01   -0.3716035864E-03
           7    0.4843182540E+01   -0.5839121078E-03
           8    0.4875969979E+01   -0.1273223772E-01
           9    0.4884139239E+01   -0.2679050766E-02
          10    0.4876606510E+01   -0.1917185031E+01
          11    0.4877246750E+01   -0.2791502400E-02
          12    0.4901618508E+01    0.1083757549E-01
          13    0.4876039743E+01   -0.2425922000E+00
          14    0.4886852369E+01   -0.1446774329E+01
          15    0.4804487075E+01   -0.7946486511E-04
          16    0.4850348105E+01   -0.9131876418E+00
          17    0.4937411953E+01    0.3854933849E-02
          18    0.4900696815E+01   -0.4182053560E-01
          19    0.4929806626E+01   -0.2443788045E+01
          20    0.4896516359E+01   -0.1920014871E-01
          21    0.4855035724E+01   -0.1807560981E+02
          22    0.4941665167E+01   -0.1493169840E-01
          23    0.4965593562E+01   -0.1637697626E+04
          24    0.4909348895E+01   -0.1055061398E-01
          25    0.5037488124E+01   -0.3986843274E+01
          26    0.5006452958E+01   -0.1525479912E-01
          27    0.4896796035E+01   -0.1244137917E+02
          28    0.4906474204E+01   -0.8202150189E+00
          29    0.4875480336E+01   -0.9291733579E+01
          30    0.6072838595E+01    0.3025007349E-01
          31    0.6148670234E+01    0.5679385808E-03
          32    0.4895581815E+01   -0.1631681411E+01
          33    0.4855484863E+01   -0.2078914643E+00
          34    0.4972401475E+01   -0.3645596946E+03
          35    0.6064836620E+01    0.5613325349E-03
          36    0.6071107727E+01   -0.3082386029E-03
          37    0.1230231013E+02   -0.1258352731E+01
          38    0.6062143125E+01    0.4970105268E-03
          39    0.4850325697E+01   -0.9738390050E-02
          40    0.4995669780E+01   -0.5008855011E+02
          41    0.4864599554E+01   -0.3604393119E+01
          42    0.4859151697E+01   -0.4806152165E+02
          43    0.5993088006E+01    0.2557942414E-02
          44    0.4838828739E+01   -0.4214733551E+01
          45    0.9051309101E+01   -0.4617016986E+00
          46    0.8541842421E+01   -0.1763016928E+01
          47    0.4993233578E+01    0.4413702669E-02
          48    0.4842871452E+01   -0.1224930706E+01
          49    0.4657925412E+01    0.4180644510E+00
          50    0.9020045551E+01    0.4566209274E+00
          51    0.4975998458E+01   -0.1038433829E-03
          52    0.4854536028E+01   -0.1426999549E+03
          53    0.5954153232E+01    0.2521582411E-03
          54    0.5260071560E+01    0.2485549528E+04
          55    0.5005122428E+01    0.1400140010E+04
          56    0.5005413785E+01    0.2247642029E+03
          57    0.5055663261E+01   -0.5749686302E+00
          58    0.5144192495E+01   -0.1583762591E-01
          59    0.5004542721E+01   -0.2406794956E+00
          60    0.5005365424E+01    0.4101970253E+03
          61    0.4853783739E+01   -0.9474678542E+00
          62    0.9225361290E+01    0.4128034392E+00
          63    0.5076059726E+01   -0.3968853959E-02
          64    0.5346615781E+01    0.1752133520E+04
          65    0.4999739388E+01    0.2694491192E+04
          66    0.5007220780E+01    0.2203803640E+03
          67    0.5677384269E+01    0.2462715409E+01
          68    0.5004245600E+01    0.2111874634E+04
          69    0.4997439521E+01    0.1761472385E+04
          70    0.4861202405E+01   -0.9245054126E+01
          71    0.5010717967E+01    0.1084567056E+03
          72    0.4999853573E+01    0.8788359527E+03
          73    0.4965882500E+01   -0.2320100927E+01
          74    0.5104078282E+01   -0.6180300147E-02
          75    0.5006500024E+01    0.2333364892E+03
          76    0.5010393899E+01    0.5585527669E+03
          77    0.5156489093E+01   -0.6422572246E-02
          78    0.9261208069E+01   -0.4302774320E+00
          79    0.5003585004E+01    0.2070576191E+04
          80    0.5001971783E+01    0.1374623726E+02
          81    0.5262313287E+01   -0.8966507328E-03
          82    0.5135312092E+01   -0.4357391059E+00
          83    0.5006809620E+01    0.7488860712E+03
          84    0.5006638126E+01    0.1808761522E+02
          85    0.5337536623E+01    0.3936431039E+03
          86    0.5001657997E+01    0.7079365965E+02
          87    0.5007811173E+01    0.5754023662E+02
          88    0.5009985535E+01    0.1817771407E+03
          89    0.5010009535E+01    0.5474543174E+03
          90    0.5013219425E+01   -0.2064324459E+03
          91    0.5006420965E+01    0.9315550797E+02
          92    0.5012496870E+01    0.2577761123E+04
          93    0.5008364852E+01    0.3634362343E+01
          94    0.5079469575E+01    0.3110778167E-02
          95    0.5012789698E+01    0.1567871288E+03
          96    0.4948471241E+01    0.7911840045E+02
          97    0.5007233187E+01    0.2962929765E+03
          98    0.5013129006E+01    0.1151992291E+03
          99    0.5013346401E+01    0.1980325691E+03
         100    0.5013253621E+01    0.4783193801E+01
         101    0.5003592970E+01    0.2484484543E+04
         102    0.4996881139E+01    0.3867234552E+03
         103    0.5009729135E+01    0.1867031364E+03
         104    0.5006996191E+01    0.2814158836E+02
         105    0.5056111636E+01    0.1871559523E-01
         106    0.5014286324E+01    0.1521389197E+02
         107    0.5012922918E+01    0.1901521882E+03
         108    0.5003746674E+01    0.3267165719E+03
         109    0.5011654570E+01   -0.2092079256E+03
         110    0.4943206740E+01    0.1719768142E-01
         111    0.5009073761E+01    0.1430821418E+02
         112    0.5013296330E+01   -0.2683651450E+03
         113    0.5009991071E+01    0.2655618883E+03
         114    0.4998969385E+01    0.2358997643E+01
         115    0.5009147919E+01    0.1104806835E+04
         116    0.5006117467E+01    0.9131763487E+02
         117    0.5166431962E+01   -0.3788852076E-02
         118    0.5010584364E+01    0.6297094529E+00
         119    0.5004693640E+01    0.1039165898E+04
         120    0.5004588723E+01    0.2509943285E+02
         121    0.5014378876E+01    0.4457932984E+01
         122    0.5004497489E+01    0.6062414361E+00
         123    0.5008514566E+01    0.4299197641E+03
         124    0.5012510127E+01    0.6874161985E+02
         125    0.4995650733E+01    0.1769953051E+04
         126    0.5010425196E+01    0.1005329535E+03
         127    0.5009903526E+01    0.9113241630E+01
         128    0.5007143182E+01    0.2904531428E+03
         129    0.5004705854E+01    0.6460708516E+03
         130    0.5158057616E+01   -0.1331124420E+00
         131    0.4998653062E+01    0.1214880185E+02
         132    0.5005519930E+01    0.1928262423E+01
         133    0.4985682662E+01    0.4598226989E+03
         134    0.5009430941E+01    0.1367402299E+04
         135    0.4999789125E+01    0.4144567413E+03
         136    0.5009338396E+01    0.3302763268E+02
         137    0.5009257920E+01    0.7977393182E+00
         138    0.5009187940E+01    0.1926844410E-01
         139    0.5009933681E+01    0.9212819087E+02
         140    0.5010203914E+01   -0.1073640631E+03
         141    0.5000801821E+01    0.1318248051E+04
         142    0.4985376957E+01    0.2368113499E+04
         143    0.5010368399E+01    0.1050511849E+03
         144    0.5010244418E+01    0.2537323222E+01
         145    0.5008915556E+01    0.1018333539E+03
         146    0.5012977319E+01    0.3110804948E+03
         147    0.5010367030E+01    0.1028139434E+03
         148    0.5010353512E+01   -0.1082521660E+03
         149    0.4994829175E+01    0.2632882786E+03
         150    0.5016952003E+01    0.7020690088E+02
         151    0.5007248005E+01    0.1974636522E+01
         152    0.5156921910E+01   -0.8187425525E-03
         153    0.4996708480E+01    0.2725745042E+01
         154    0.5011417971E+01    0.8070854081E+01
         155    0.5004636695E+01    0.3101346257E+03
         156    0.5010943630E+01   -0.1221909493E+03
         157    0.4934395996E+01    0.2005582395E-01
         158    0.5009234388E+01    0.2862341409E+04
         159    0.5242507084E+01    0.3111571828E+04
         160    0.5005818405E+01    0.2957610118E+03
         161    0.4994504868E+01    0.1355919769E+04
         162    0.5003467082E+01    0.3683687692E+01
         163    0.4989344418E+01    0.3916096398E+01
         164    0.5017070900E+01    0.3615786116E+03
         165    0.5017132067E+01    0.1438809295E+04
         166    0.5012608714E+01    0.6200936743E+00
         167    0.5000746447E+01    0.5606912961E+02
         168    0.5009798178E+01    0.1340340792E+04
         169    0.4797475757E+01   -0.1845196018E+02
         170    0.5164593696E+01   -0.1948901231E-03
         171    0.4984859140E+01    0.2320519512E+04
         172    0.4996497635E+01    0.1186763094E+02
         173    0.5008167064E+01    0.8898221456E+01
         174    0.5011630160E+01    0.2864032449E+04
         175    0.5002873853E+01    0.3812515764E+01
         176    0.5021414177E+01    0.1212701126E-01
         177    0.5142571309E+01   -0.7966497667E-03
         178    0.4983281053E+01    0.1540533866E+02
         179    0.4994653407E+01    0.7875054258E-01
         180    0.5151482078E+01   -0.8195393322E-02
         181    0.5001696260E+01    0.1783382804E+03
         182    0.5001262938E+01    0.6962563698E+02
         183    0.5008110511E+01   -0.1696609822E+03
         184    0.5001590868E+01    0.4307473284E+01
         185    0.5001499221E+01    0.1040407389E+00
         186    0.4985207873E+01    0.6728380014E+02
         187    0.4988075921E+01    0.8394153806E+03
         188    0.4987990079E+01    0.2027498974E+02
         189    0.4991481543E+01   -0.2219241201E+04
         190    0.4990417319E+01    0.1802184761E+04
         191    0.4952504394E+01    0.8757583709E+03
         192    0.5008291378E+01    0.4582768052E+02
         193    0.5166862354E+01   -0.2936618675E-01
         194    0.4962342772E+01    0.1904996832E+04
         195    0.4978028776E+01    0.5939562917E+03
         196    0.5003867228E+01    0.5459671586E+01
         197    0.5004785187E+01   -0.1091801629E+03
         198    0.4999772615E+01    0.4949093150E+01
         199    0.4989471363E+01    0.5378228885E+02
         200    0.4973165493E+01    0.1131865694E+02
         201    0.4785458209E+01   -0.4499127866E-02
         202    0.4996376353E+01    0.3538796252E+01
         203    0.4988936586E+01    0.6448380049E+02
         204    0.5002524849E+01    0.3309265753E+00
         205    0.5013027058E+01    0.4847769785E+03
         206    0.5012895860E+01    0.1170887806E+02
         207    0.5002687472E+01    0.5221096645E+02
         208    0.4992305904E+01    0.1704882710E+03
         209    0.4981618121E+01    0.4449046789E+00
         210    0.5000875604E+01    0.6805729004E+02
         211    0.4996074582E+01   -0.2919827445E+04
         212    0.5007084122E+01    0.2419965223E+03
         213    0.5005608888E+01   -0.9622862953E+02
         214    0.4783410598E+01   -0.9743641147E+01
         215    0.5000605324E+01    0.1000394222E+03
         216    0.4996195180E+01    0.2401064440E+04
         217    0.4998107525E+01    0.5179638539E+01
         218    0.4996848227E+01   -0.2115518567E+03
         219    0.5014207557E+01    0.3724380272E+02
         220    0.5152276686E+01   -0.5576439228E+00
         221    0.4984811202E+01    0.5624433300E+02
         222    0.4996880518E+01    0.2243077440E+03
         223    0.5013145596E+01    0.2496685792E+04
         224    0.5013095601E+01    0.6030502148E+02
         225    0.4982137331E+01    0.1100968582E+02
         226    0.4998246974E+01   -0.1765721521E+04
         227    0.5175161395E+01   -0.7407900458E-01
         228    0.8856445129E+01   -0.6412528160E-02
         229    0.4997351701E+01    0.4807126690E+03
         230    0.5153902754E+01   -0.1493851311E-02
         231    0.4997260957E+01    0.1161092322E+02
         232    0.5155973698E+01   -0.3734052427E-02
         233    0.9125786169E+01   -0.1144458998E+01
         234    0.4997888575E+01    0.7134516849E+03
         235    0.4984488680E+01    0.2896540683E+03
         236    0.4951432653E+01    0.1598135506E+04
         237    0.5014146043E+01    0.1917917806E+03
         238    0.4921004738E+01    0.3188976449E+03
         239    0.4972702611E+01    0.3014852681E+03
         240    0.4959210837E+01    0.6388282598E+02
         241    0.4963536924E+01    0.3478228572E+04
         242    0.4963437547E+01    0.8401168809E+02
         243    0.4752514839E+01   -0.1634124415E+01
         244    0.4952984648E+01    0.8586242442E+03
         245    0.4991367237E+01    0.2975079837E+03
         246    0.4998260468E+01    0.3693042258E+02
         247    0.4989702343E+01    0.1126609724E+03
         248    0.4965015287E+01    0.7452858065E+03
         249    0.4964194694E+01    0.2672138192E+03
         250    0.4994474734E+01    0.1734556471E+04
         251    0.4972681802E+01    0.1172766793E+03
         252    0.4991132414E+01    0.1487334868E+02
         253    0.5005179036E+01    0.1527166786E+01
         254    0.5006280393E+01    0.3210432952E+03
         255    0.4991466850E+01    0.1532186346E+04
         256    0.4991326696E+01    0.9051685531E+02
         257    0.5970131848E+01   -0.5708495678E-03
         258    0.4976385033E+01    0.1222158472E+02
         259    0.4790321747E+01   -0.9404406229E-02
         260    0.5171790147E+01   -0.1063386614E-01
         261    0.4995454411E+01   -0.2202578120E+03
         262    0.4788375009E+01   -0.3363176502E-01
         263    0.4991566519E+01    0.1519744744E+01
         264    0.4965853212E+01    0.4075088546E+03
         265    0.4999611963E+01    0.6309966074E+03
         266    0.5005302567E+01    0.7865208838E+01
         267    0.4995018574E+01    0.8044914392E+02
         268    0.4950979471E+01    0.5236669679E+03
         269    0.4986218791E+01    0.1337677808E-01
         270    0.4976519485E+01    0.2951818300E+03
         271    0.4956067452E+01    0.4536736986E+02
         272    0.5262988580E+01    0.7251356644E+03
         273    0.4951711419E+01    0.2917544748E+04
         274    0.4951526996E+01    0.7046621610E+02
         275    0.4965747833E+01    0.1233089832E+04
         276    0.4986460864E+01    0.1336684006E+04
         277    0.4947509489E+01    0.5359052850E+02
         278    0.4983441833E+01   -0.3772122251E+03
         279    0.5017416348E+01    0.1718486904E+03
         280    0.4824765972E+01   -0.1249154588E+02
         281    0.4952513649E+01    0.2241706525E+03
         282    0.5374649975E+01    0.3994963883E+03
         283    0.5000487582E+01    0.3292261049E+04
         284    0.4987011832E+01    0.9967589180E+02
         285    0.4989056578E+01    0.2271435401E+03
         286    0.5159547782E+01   -0.3277795238E+01
         287    0.4951050926E+01    0.3629102690E+03
         288    0.4946929354E+01    0.2759873579E+03
         289    0.4950643616E+01    0.9284141678E+01
         290    0.4984258853E+01    0.2897873628E+02
         291    0.4983180147E+01    0.2926843272E+03
         292    0.4987261254E+01    0.1026864576E+03
         293    0.4988362648E+01    0.1006342026E+03
         294    0.4987172153E+01    0.2480244721E+01
         295    0.4786042154E+01   -0.5809715939E+02
         296    0.4985925861E+01   -0.1047968217E+03
         297    0.4996654877E+01    0.1004937253E+04
         298    0.4964183674E+01    0.1234735015E+04
         299    0.4938744590E+01    0.3380019061E+04
         300    0.4951639395E+01    0.1154290906E+04
         301    0.4955085714E+01    0.2542563007E+04
         302    0.4999649769E+01    0.1058513897E+03
         303    0.5000827879E+01    0.1704132563E+03
         304    0.4953265819E+01    0.5064154496E+02
         305    0.4784634366E+01   -0.1402561319E+01
         306    0.4943438880E+01   -0.3738777116E+01
         307    0.4950053691E+01    0.4781172061E+02
         308    0.5017422303E+01    0.8849076547E+03
         309    0.4828474286E+01   -0.4150893520E+01
         310    0.4985997418E+01   -0.1056605987E+03
         311    0.4988147675E+01    0.7888726401E+01
         312    0.4834222584E+01   -0.2783381005E-01
         313    0.4957044889E+01    0.1230726964E+04
         314    0.4985095507E+01    0.3264730303E+04
         315    0.4953830443E+01    0.1034609462E+04
         316    0.4952606142E+01    0.4463646861E+03
         317    0.4952707607E+01    0.5576018761E+02
         318    0.4955413724E+01    0.1415819982E+02
         319    0.5000931423E+01    0.3366583479E+03
         320    0.4948159631E+01    0.1273709404E+04
         321    0.4846986735E+01   -0.1947593698E+02
         322    0.4952314302E+01    0.1222675037E+04
         323    0.4964576825E+01    0.1079001397E+04
         324    0.4950082985E+01    0.3559647164E+03
         325    0.4952281724E+01    0.1674870292E+04
         326    0.5000932824E+01    0.8776459005E+03
         327    0.4953385451E+01    0.3550537647E+02
         328    0.4953747630E+01    0.3917680193E+03
         329    0.4948850690E+01    0.4051255686E+04
         330    0.4948737901E+01    0.9785149788E+02
         331    0.4940583511E+01    0.4109535616E+03
         332    0.4948639819E+01    0.2363459382E+01
         333    0.4951334120E+01    0.6825320191E+03
         334    0.4950843427E+01    0.1132230592E+04
         335    0.4952937952E+01    0.2663575269E+04
         336    0.4952838611E+01    0.1286693197E+03
         337    0.4952752225E+01    0.3107832427E+01
         338    0.4952677104E+01    0.7506584975E-01
         339    0.4953371299E+01    0.3589180679E+03
         340    0.4949397910E+01    0.7517533391E+01
         341    0.4955302312E+01    0.8972732409E+03
         342    0.4982369425E+01    0.3251414548E+00
         343    0.4952738230E+01    0.1447670962E+02
         344    0.4951307633E+01    0.2206627460E+03
         345    0.4940011030E+01    0.2116383487E+04
         346    0.4953602632E+01    0.4092653441E+03
         347    0.4954459597E+01    0.4011811612E+03
         348    0.4966819032E+01    0.6306494849E+02
         349    0.4952565961E+01   -0.4175943359E+03
         350    0.4953469606E+01    0.9885038209E+01
         351    0.4944429460E+01    0.1616250181E+04
         352    0.4952333835E+01    0.1498609272E+02
         353    0.4947696849E+01    0.4675797828E+02
         354    0.4948305809E+01    0.1020837999E+04
         355    0.4956077804E+01    0.2854032515E+04
         356    0.4952011594E+01    0.7018699338E+03
         357    0.4951896805E+01    0.1695246860E+02
         358    0.4951796985E+01    0.4094607679E+00
         359    0.4950480678E+01    0.2652298472E+03
         360    0.4981194053E+01   -0.1185144413E+03
         361    0.4946069995E+01    0.3103297416E+00
         362    0.4983116565E+01   -0.9405945527E+02
         363    0.4954372863E+01    0.3144346788E+02
         364    0.4950921189E+01    0.7692191795E+01
         365    0.4953908881E+01   -0.4760418284E+03
         366    0.4944557037E+01    0.5975092675E+03
         367    0.4993193470E+01    0.1382449981E+02
         368    0.4951198527E+01    0.1950913771E+02
         369    0.4952569238E+01    0.1302412974E+01
         370    0.4945652646E+01    0.7656453651E-02
         371    0.4940721404E+01    0.1025621863E+04
         372    0.4955279108E+01    0.2415889649E+01
         373    0.4949611400E+01    0.1152113647E+04
         374    0.4969017705E+01    0.1108358923E+04
         375    0.4940216339E+01    0.6907886749E+03
         376    0.4955858645E+01   -0.8850524386E+03
         377    0.4945621740E+01    0.2411249086E+01
         378    0.4949935425E+01    0.2042667385E+02
         379    0.8970189713E+01    0.1055665622E+01
         380    0.4781436443E+01   -0.1057514938E+00
         381    0.4941460817E+01    0.2120295716E+03
         382    0.4938899358E+01    0.2075281426E+04
         383    0.4950971382E+01    0.3469198641E+02
         384    0.4990646210E+01    0.3640062465E+02
         385    0.4937462570E+01    0.1377860102E+02
         386    0.4952075129E+01   -0.3765608267E+03
         387    0.5172051817E+01   -0.5880805290E-02
         388    0.4943695961E+01    0.7235692420E+03
         389    0.4798711188E+01   -0.1205743901E+01
         390    0.4941762791E+01    0.7503390109E+03
         391    0.4941666647E+01    0.1812335248E+02
         392    0.4949006284E+01    0.1169918754E+03
         393    0.4955182094E+01    0.1888691191E+04
         394    0.4955041541E+01    0.4561763603E+02
         395    0.4975198985E+01    0.6974091870E+03
         396    0.4962493607E+01    0.3616389844E+02
         397    0.5022769171E+01    0.6091020804E+02
         398    0.4950745181E+01    0.1786707208E+03
         399    0.4942404340E+01    0.5764489423E+02
         400    0.4948469670E+01   -0.4253046060E+03
