        Rank        RMSE       MaxAE  Feature_ID
           1    0.936999    2.071864  (     712)
           2    0.933182    2.073585  (     652)
           3    0.933664    2.079826  (     659)
           4    0.931025    2.081731  (     618)
           5    0.930240    2.085201  (     605)
           6    0.934802    2.087168  (     680)
           7    0.923086    2.088149  (     464)
           8    0.930910    2.091575  (     614)
           9    0.933751    2.092385  (     662)
          10    0.929952    2.092761  (     601)
          11    0.928808    2.094747  (     584)
          12    0.911235    2.096162  (     331)
          13    0.931567    2.097011  (     628)
          14    0.933237    2.100348  (     653)
          15    0.927803    2.101785  (     564)
          16    0.939731    2.110649  (     773)
          17    0.906876    2.117092  (     302)
          18    0.932941    2.118564  (     648)
          19    0.875577    2.141455  (     124)
          20    0.935502    2.141778  (     689)
          21    0.936488    2.153247  (     706)
          22    0.923439    2.163095  (     472)
          23    0.931237    2.163502  (     625)
          24    0.938449    2.169316  (     741)
          25    0.866828    2.173507  (      44)
          26    0.872841    2.175915  (     104)
          27    0.878104    2.180264  (     141)
          28    0.906769    2.196289  (     301)
          29    0.880593    2.196305  (     158)
          30    0.934927    2.202895  (     682)
          31    0.907554    2.230277  (     312)
          32    0.909384    2.232019  (     324)
          33    0.933121    2.233693  (     651)
          34    0.898505    2.236471  (     252)
          35    0.939469    2.239125  (     765)
          36    0.887477    2.240285  (     194)
          37    0.925495    2.240462  (     527)
          38    0.927050    2.259579  (     553)
          39    0.880039    2.260284  (     154)
          40    0.896221    2.261634  (     235)
          41    0.930262    2.264062  (     606)
          42    0.913995    2.264065  (     343)
          43    0.934645    2.265204  (     677)
          44    0.895843    2.272890  (     230)
          45    0.905597    2.274388  (     295)
          46    0.923875    2.275998  (     491)
          47    0.856603    2.278792  (      29)
          48    0.906966    2.279499  (     303)
          49    0.926446    2.285424  (     545)
          50    0.907866    2.285448  (     313)
          51    0.901103    2.287664  (     265)
          52    0.934872    2.289069  (     681)
          53    0.922554    2.290890  (     448)
          54    0.878416    2.293396  (     144)
          55    0.862987    2.296975  (      38)
          56    0.862720    2.300773  (      37)
          57    0.924348    2.307654  (     504)
          58    0.867817    2.308027  (      49)
          59    0.899310    2.308731  (     258)
          60    0.865296    2.310021  (      40)
          61    0.936080    2.311267  (     697)
          62    0.855132    2.311357  (      28)
          63    0.914953    2.311605  (     353)
          64    0.907537    2.311782  (     310)
          65    0.872506    2.311942  (     103)
          66    0.865928    2.312253  (      41)
          67    0.922411    2.312404  (     444)
          68    0.866093    2.312883  (      42)
          69    0.872917    2.312906  (     105)
          70    0.869740    2.313267  (      67)
          71    0.867242    2.313611  (      46)
          72    0.874371    2.313645  (     114)
          73    0.905208    2.313767  (     293)
          74    0.916499    2.314552  (     368)
          75    0.875964    2.314940  (     132)
          76    0.867953    2.316052  (      50)
          77    0.883285    2.316503  (     176)
          78    0.861910    2.316815  (      36)
          79    0.866930    2.318495  (      45)
          80    0.868211    2.319350  (      52)
          81    0.850170    2.320013  (      24)
          82    0.849282    2.320201  (      22)
          83    0.868174    2.320264  (      51)
          84    0.868221    2.320432  (      53)
          85    0.907544    2.320480  (     311)
          86    0.868911    2.321659  (      58)
          87    0.868615    2.321820  (      54)
          88    0.869256    2.322329  (      61)
          89    0.869652    2.322388  (      66)
          90    0.870791    2.322593  (      78)
          91    0.868910    2.322879  (      57)
          92    0.870081    2.322994  (      68)
          93    0.870954    2.323116  (      79)
          94    0.870588    2.323165  (      73)
          95    0.869213    2.323333  (      59)
          96    0.907268    2.323420  (     307)
          97    0.869432    2.324721  (      65)
          98    0.867256    2.324851  (      47)
          99    0.870730    2.325081  (      76)
         100    0.870754    2.325171  (      77)
         101    0.875167    2.325733  (     123)
         102    0.877267    2.326523  (     138)
         103    0.876610    2.326699  (     136)
         104    0.882340    2.326935  (     170)
         105    0.874375    2.327154  (     115)
         106    0.871397    2.327216  (      86)
         107    0.871327    2.327866  (      84)
         108    0.871009    2.328097  (      80)
         109    0.871063    2.328503  (      83)
         110    0.914550    2.328777  (     350)
         111    0.868686    2.328905  (      55)
         112    0.874528    2.328987  (     116)
         113    0.870710    2.329215  (      75)
         114    0.875772    2.329276  (     125)
         115    0.868839    2.329338  (      56)
         116    0.870401    2.329455  (      71)
         117    0.844969    2.329821  (      20)
         118    0.872059    2.329899  (      96)
         119    0.871622    2.329921  (      88)
         120    0.871649    2.330023  (      90)
         121    0.870590    2.330071  (      74)
         122    0.871672    2.330112  (      92)
         123    0.871014    2.330304  (      81)
         124    0.870406    2.330413  (      72)
         125    0.886710    2.330424  (     190)
         126    0.869247    2.331211  (      60)
         127    0.870346    2.331218  (      69)
         128    0.871035    2.331374  (      82)
         129    0.872442    2.331812  (     102)
         130    0.849723    2.331837  (      23)
         131    0.876482    2.331867  (     135)
         132    0.872307    2.331990  (      98)
         133    0.897797    2.332289  (     249)
         134    0.871634    2.332481  (      89)
         135    0.875812    2.332555  (     127)
         136    0.871659    2.332570  (      91)
         137    0.871681    2.332648  (      93)
         138    0.871700    2.332716  (      94)
         139    0.871780    2.332990  (      95)
         140    0.872394    2.333728  (     101)
         141    0.876446    2.334338  (     134)
         142    0.898445    2.334456  (     251)
         143    0.872288    2.334779  (      97)
         144    0.872322    2.334898  (      99)
         145    0.874931    2.334973  (     118)
         146    0.873892    2.335375  (     112)
         147    0.872379    2.335928  (     100)
         148    0.871360    2.335978  (      85)
         149    0.887767    2.336040  (     195)
         150    0.874135    2.336084  (     113)
         151    0.875897    2.336360  (     128)
         152    0.842581    2.336458  (      14)
         153    0.888964    2.336724  (     203)
         154    0.872956    2.337116  (     106)
         155    0.882262    2.337131  (     167)
         156    0.872964    2.337152  (     107)
         157    0.928425    2.337675  (     576)
         158    0.878749    2.337689  (     146)
         159    0.897312    2.337988  (     244)
         160    0.878321    2.338480  (     143)
         161    0.888469    2.338745  (     200)
         162    0.876262    2.338783  (     133)
         163    0.907012    2.339193  (     304)
         164    0.875088    2.339244  (     122)
         165    0.880093    2.339373  (     155)
         166    0.873630    2.339473  (     110)
         167    0.878482    2.339497  (     145)
         168    0.873741    2.339758  (     111)
         169    0.923704    2.340110  (     488)
         170    0.844448    2.340138  (      18)
         171    0.900300    2.340191  (     262)
         172    0.880170    2.340202  (     156)
         173    0.875008    2.340215  (     120)
         174    0.886967    2.340217  (     191)
         175    0.877761    2.340392  (     140)
         176    0.919906    2.340763  (     404)
         177    0.880797    2.340784  (     160)
         178    0.901498    2.340965  (     271)
         179    0.881713    2.341037  (     165)
         180    0.914973    2.341304  (     354)
         181    0.879053    2.341708  (     147)
         182    0.890156    2.341744  (     208)
         183    0.879216    2.341761  (     151)
         184    0.879084    2.341810  (     148)
         185    0.879111    2.341898  (     149)
         186    0.890167    2.341991  (     209)
         187    0.901343    2.342273  (     267)
         188    0.901358    2.342357  (     268)
         189    0.882303    2.342474  (     169)
         190    0.889029    2.342849  (     204)
         191    0.917897    2.343057  (     379)
         192    0.875946    2.343182  (     129)
         193    0.842770    2.343258  (      15)
         194    0.911496    2.343365  (     333)
         195    0.909138    2.343377  (     320)
         196    0.871398    2.343592  (      87)
         197    0.882206    2.343632  (     166)
         198    0.880982    2.343788  (     162)
         199    0.886413    2.343851  (     189)
         200    0.900915    2.343993  (     264)
         201    0.919944    2.343999  (     406)
         202    0.888499    2.344030  (     201)
         203    0.902059    2.344109  (     273)
         204    0.879699    2.344181  (     153)
         205    0.874995    2.344258  (     119)
         206    0.875031    2.344384  (     121)
         207    0.884301    2.344470  (     181)
         208    0.882925    2.344515  (     173)
         209    0.893822    2.344527  (     220)
         210    0.887988    2.344533  (     197)
         211    0.882489    2.345091  (     171)
         212    0.880850    2.345106  (     161)
         213    0.879418    2.345283  (     152)
         214    0.919989    2.345347  (     408)
         215    0.886406    2.345381  (     188)
         216    0.891933    2.346621  (     216)
         217    0.884049    2.346829  (     179)
         218    0.896723    2.346880  (     240)
         219    0.875789    2.347025  (     126)
         220    0.869355    2.347182  (      62)
         221    0.901811    2.347316  (     272)
         222    0.883115    2.347484  (     174)
         223    0.875949    2.347590  (     130)
         224    0.875962    2.347638  (     131)
         225    0.910210    2.347653  (     326)
         226    0.890008    2.348045  (     207)
         227    0.834735    2.348133  (       4)
         228    0.858324    2.348742  (      33)
         229    0.891149    2.349371  (     211)
         230    0.866527    2.349401  (      43)
         231    0.891174    2.349459  (     212)
         232    0.864853    2.349462  (      39)
         233    0.907491    2.349526  (     309)
         234    0.883726    2.349827  (     178)
         235    0.902497    2.350069  (     278)
         236    0.919583    2.350476  (     400)
         237    0.876838    2.350687  (     137)
         238    0.937978    2.350886  (     730)
         239    0.902998    2.351024  (     280)
         240    0.913773    2.351138  (     341)
         241    0.913700    2.351262  (     339)
         242    0.913715    2.351360  (     340)
         243    0.929712    2.351743  (     597)
         244    0.919891    2.351746  (     403)
         245    0.904897    2.351797  (     290)
         246    0.891789    2.351919  (     215)
         247    0.901213    2.352107  (     266)
         248    0.914402    2.352510  (     349)
         249    0.914122    2.352587  (     346)
         250    0.895127    2.352769  (     223)
         251    0.922817    2.352798  (     456)
         252    0.904129    2.353390  (     286)
         253    0.882275    2.353926  (     168)
         254    0.885365    2.353958  (     185)
         255    0.905814    2.354575  (     297)
         256    0.898762    2.354601  (     254)
         257    0.939890    2.355100  (     778)
         258    0.920202    2.355148  (     411)
         259    0.909380    2.355193  (     323)
         260    0.842983    2.355747  (      16)
         261    0.887909    2.356026  (     196)
         262    0.933737    2.356664  (     661)
         263    0.896013    2.357023  (     234)
         264    0.910728    2.357074  (     329)
         265    0.900586    2.357267  (     263)
         266    0.883203    2.357327  (     175)
         267    0.896787    2.357462  (     242)
         268    0.921381    2.357622  (     425)
         269    0.895471    2.357668  (     227)
         270    0.919375    2.357864  (     396)
         271    0.927775    2.358086  (     563)
         272    0.898376    2.358218  (     250)
         273    0.921379    2.358262  (     424)
         274    0.921419    2.358443  (     426)
         275    0.915849    2.358471  (     362)
         276    0.904518    2.358482  (     289)
         277    0.921354    2.358517  (     423)
         278    0.895689    2.358533  (     228)
         279    0.879122    2.358608  (     150)
         280    0.895233    2.358711  (     224)
         281    0.921609    2.359224  (     428)
         282    0.904200    2.359300  (     287)
         283    0.886364    2.359790  (     187)
         284    0.906106    2.360027  (     299)
         285    0.899625    2.360106  (     260)
         286    0.858618    2.360383  (      34)
         287    0.921881    2.360457  (     433)
         288    0.921823    2.360475  (     431)
         289    0.921541    2.360535  (     427)
         290    0.896270    2.360952  (     237)
         291    0.903510    2.361019  (     283)
         292    0.905132    2.361054  (     291)
         293    0.903826    2.361076  (     284)
         294    0.905156    2.361140  (     292)
         295    0.922949    2.361181  (     461)
         296    0.906709    2.361199  (     300)
         297    0.888777    2.361313  (     202)
         298    0.914261    2.361467  (     348)
         299    0.934474    2.361493  (     673)
         300    0.922174    2.361701  (     438)
         301    0.918939    2.361858  (     390)
         302    0.896717    2.362198  (     239)
         303    0.894435    2.362320  (     222)
         304    0.934427    2.362402  (     671)
         305    0.924527    2.362439  (     508)
         306    0.916530    2.362587  (     369)
         307    0.922043    2.362710  (     435)
         308    0.880329    2.362793  (     157)
         309    0.896745    2.363502  (     241)
         310    0.905869    2.363508  (     298)
         311    0.905762    2.363697  (     296)
         312    0.893643    2.363952  (     218)
         313    0.922439    2.363966  (     445)
         314    0.902167    2.364251  (     275)
         315    0.922847    2.364516  (     458)
         316    0.923399    2.364646  (     469)
         317    0.920891    2.364805  (     416)
         318    0.922871    2.365035  (     460)
         319    0.897643    2.365070  (     247)
         320    0.923069    2.365133  (     463)
         321    0.887370    2.365285  (     192)
         322    0.931055    2.365430  (     621)
         323    0.915919    2.365776  (     363)
         324    0.922360    2.365780  (     443)
         325    0.923130    2.365795  (     465)
         326    0.895366    2.365901  (     226)
         327    0.922356    2.366284  (     442)
         328    0.921193    2.366288  (     418)
         329    0.923415    2.366357  (     470)
         330    0.923437    2.366467  (     471)
         331    0.937100    2.366503  (     715)
         332    0.923457    2.366564  (     473)
         333    0.917585    2.366603  (     377)
         334    0.922714    2.367054  (     454)
         335    0.923480    2.367274  (     475)
         336    0.923502    2.367371  (     476)
         337    0.923521    2.367456  (     478)
         338    0.923537    2.367529  (     479)
         339    0.923545    2.367540  (     480)
         340    0.923812    2.367809  (     489)
         341    0.917912    2.367942  (     380)
         342    0.908904    2.367973  (     318)
         343    0.922040    2.368133  (     434)
         344    0.923246    2.368234  (     467)
         345    0.937551    2.368496  (     722)
         346    0.923851    2.368843  (     490)
         347    0.922995    2.368860  (     462)
         348    0.932360    2.368905  (     642)
         349    0.924909    2.368960  (     514)
         350    0.923880    2.368973  (     492)
         351    0.927040    2.369222  (     552)
         352    0.923199    2.369255  (     466)
         353    0.924159    2.369425  (     499)
         354    0.935840    2.369498  (     696)
         355    0.918251    2.369543  (     381)
         356    0.923563    2.369735  (     481)
         357    0.923591    2.369847  (     483)
         358    0.923616    2.369944  (     484)
         359    0.928058    2.369959  (     569)
         360    0.914259    2.370168  (     347)
         361    0.925475    2.370356  (     524)
         362    0.910819    2.370407  (     330)
         363    0.924223    2.370411  (     501)
         364    0.927193    2.370458  (     555)
         365    0.924256    2.370572  (     503)
         366    0.934671    2.370695  (     678)
         367    0.902550    2.370700  (     279)
         368    0.924252    2.370737  (     502)
         369    0.923939    2.371479  (     494)
         370    0.931138    2.371802  (     623)
         371    0.938413    2.371867  (     740)
         372    0.924591    2.371955  (     509)
         373    0.929302    2.372243  (     590)
         374    0.928756    2.372248  (     583)
         375    0.936475    2.372350  (     705)
         376    0.919261    2.372683  (     395)
         377    0.933725    2.372795  (     660)
         378    0.926675    2.372983  (     548)
         379    0.920001    2.373058  (     409)
         380    0.934210    2.373125  (     668)
         381    0.929531    2.373331  (     595)
         382    0.938302    2.373621  (     737)
         383    0.925409    2.373746  (     520)
         384    0.908363    2.374438  (     315)
         385    0.939389    2.374447  (     763)
         386    0.926981    2.374578  (     551)
         387    0.836882    2.374619  (       5)
         388    0.937129    2.374636  (     716)
         389    0.935431    2.374779  (     686)
         390    0.939151    2.374786  (     757)
         391    0.939169    2.374880  (     758)
         392    0.924209    2.375319  (     500)
         393    0.925451    2.375642  (     521)
         394    0.925482    2.375779  (     526)
         395    0.915801    2.375798  (     360)
         396    0.918853    2.375846  (     387)
         397    0.884194    2.376090  (     180)
         398    0.926005    2.376107  (     533)
         399    0.939525    2.376208  (     767)
         400    0.932479    2.376227  (     643)
