        Rank        RMSE       MaxAE  Feature_ID
           1    1.049197    2.163943  (      43)
           2    0.986414    2.312687  (       6)
           3    0.871634    2.332481  (       1)
           4    1.075667    2.385601  (      62)
           5    1.218714    2.403034  (     426)
           6    1.039689    2.427349  (      32)
           7    1.162159    2.429328  (     213)
           8    0.966678    2.450193  (       3)
           9    1.221535    2.473255  (     438)
          10    1.233865    2.487106  (     686)
          11    1.224770    2.490476  (     480)
          12    1.093975    2.499419  (      80)
          13    1.226022    2.502847  (     514)
          14    1.126295    2.503221  (     136)
          15    0.985655    2.503838  (       5)
          16    1.229300    2.507391  (     600)
          17    1.224495    2.507614  (     472)
          18    1.075477    2.509036  (      61)
          19    1.189943    2.509487  (     296)
          20    1.191190    2.515431  (     304)
          21    1.226127    2.518279  (     519)
          22    1.221009    2.519875  (     436)
          23    1.208662    2.522866  (     389)
          24    1.222597    2.528034  (     445)
          25    1.139703    2.534101  (     165)
          26    1.237537    2.534737  (     746)
          27    1.201512    2.536262  (     354)
          28    1.239325    2.537172  (     773)
          29    1.218704    2.544108  (     425)
          30    1.225019    2.544504  (     491)
          31    1.218968    2.545311  (     428)
          32    1.197656    2.546393  (     335)
          33    1.207520    2.546462  (     386)
          34    1.216595    2.546966  (     410)
          35    1.209779    2.550618  (     391)
          36    1.155268    2.550996  (     201)
          37    1.044282    2.557205  (      39)
          38    1.237588    2.561966  (     748)
          39    1.236720    2.564361  (     730)
          40    1.097740    2.565595  (      84)
          41    1.018288    2.568253  (      20)
          42    1.191062    2.568375  (     303)
          43    1.239339    2.568700  (     775)
          44    1.043752    2.569775  (      36)
          45    1.184955    2.569990  (     283)
          46    1.192724    2.572900  (     312)
          47    1.057660    2.573665  (      48)
          48    1.055328    2.574623  (      46)
          49    1.199561    2.574923  (     339)
          50    0.943787    2.577420  (       2)
          51    1.044471    2.579068  (      40)
          52    1.135714    2.581485  (     155)
          53    1.174880    2.583694  (     255)
          54    1.217756    2.586285  (     415)
          55    1.021140    2.590331  (      22)
          56    1.039911    2.590337  (      33)
          57    1.172513    2.590628  (     247)
          58    1.236970    2.591309  (     734)
          59    1.181005    2.591428  (     269)
          60    1.206058    2.592813  (     379)
          61    1.180832    2.592865  (     268)
          62    1.166028    2.595779  (     221)
          63    1.205439    2.599002  (     375)
          64    1.219522    2.604988  (     431)
          65    0.998423    2.605481  (       7)
          66    1.021728    2.606502  (      23)
          67    1.033553    2.610413  (      26)
          68    1.230692    2.612453  (     627)
          69    1.104913    2.616969  (      97)
          70    1.199878    2.618034  (     342)
          71    1.027578    2.619611  (      25)
          72    1.199657    2.628356  (     340)
          73    1.201308    2.629774  (     352)
          74    1.171931    2.633078  (     246)
          75    1.204757    2.634564  (     371)
          76    1.235516    2.637810  (     707)
          77    1.181504    2.639022  (     271)
          78    1.002140    2.643694  (       9)
          79    1.204893    2.644136  (     372)
          80    1.119582    2.644533  (     125)
          81    1.207157    2.645679  (     385)
          82    0.970332    2.647897  (       4)
          83    1.228820    2.650131  (     592)
          84    1.231112    2.652620  (     634)
          85    1.151304    2.656758  (     187)
          86    1.238195    2.658653  (     757)
          87    1.178206    2.661182  (     262)
          88    1.163060    2.661789  (     216)
          89    1.167470    2.662710  (     229)
          90    1.235854    2.663897  (     713)
          91    1.235946    2.671137  (     715)
          92    1.056669    2.671212  (      47)
          93    1.114945    2.677887  (     115)
          94    1.234412    2.679897  (     695)
          95    1.013860    2.685278  (      17)
          96    1.238446    2.687845  (     760)
          97    1.166477    2.691108  (     225)
          98    1.237878    2.691896  (     750)
          99    1.072336    2.693192  (      58)
         100    1.227625    2.699542  (     552)
         101    1.164389    2.700751  (     219)
         102    1.193135    2.704054  (     314)
         103    1.013823    2.704740  (      16)
         104    1.237186    2.707664  (     737)
         105    1.046464    2.711733  (      41)
         106    0.998574    2.714296  (       8)
         107    1.020995    2.720399  (      21)
         108    1.114633    2.722401  (     114)
         109    1.036788    2.726515  (      29)
         110    1.138534    2.730185  (     163)
         111    1.013533    2.734811  (      15)
         112    1.200831    2.735407  (     350)
         113    1.163781    2.743752  (     217)
         114    1.200135    2.743933  (     344)
         115    1.228573    2.745509  (     586)
         116    1.169843    2.747948  (     235)
         117    1.183046    2.750221  (     277)
         118    1.043937    2.751676  (      37)
         119    1.177347    2.755744  (     260)
         120    1.203116    2.757820  (     363)
         121    1.180722    2.758966  (     267)
         122    1.205011    2.761656  (     373)
         123    1.182886    2.762623  (     276)
         124    1.230260    2.764714  (     616)
         125    1.155050    2.764893  (     199)
         126    1.187114    2.766445  (     288)
         127    1.148952    2.768455  (     179)
         128    1.202365    2.771719  (     357)
         129    1.181948    2.772394  (     273)
         130    1.152943    2.775062  (     192)
         131    1.201309    2.775661  (     353)
         132    1.104675    2.775919  (      96)
         133    1.217861    2.777549  (     417)
         134    1.206308    2.779022  (     380)
         135    1.215376    2.783748  (     403)
         136    1.002218    2.786357  (      10)
         137    1.187730    2.787493  (     290)
         138    1.038086    2.790527  (      31)
         139    1.182864    2.790586  (     275)
         140    1.232108    2.793438  (     651)
         141    1.235569    2.795022  (     708)
         142    1.228627    2.800387  (     588)
         143    1.195025    2.804139  (     321)
         144    1.230670    2.808485  (     625)
         145    1.175205    2.810926  (     256)
         146    1.004739    2.813921  (      12)
         147    1.206343    2.814097  (     381)
         148    1.217034    2.814515  (     411)
         149    1.095304    2.820210  (      82)
         150    1.214332    2.821216  (     399)
         151    1.226794    2.825934  (     542)
         152    1.135647    2.828400  (     154)
         153    1.176074    2.830430  (     258)
         154    1.012871    2.832938  (      14)
         155    1.002283    2.838212  (      11)
         156    1.016837    2.841230  (      19)
         157    1.191838    2.845856  (     307)
         158    1.116962    2.846440  (     117)
         159    1.226874    2.847989  (     544)
         160    1.187937    2.848744  (     291)
         161    1.238098    2.849728  (     755)
         162    1.229888    2.853502  (     609)
         163    1.069768    2.854292  (      57)
         164    1.135760    2.859090  (     156)
         165    1.234841    2.860060  (     700)
         166    1.239332    2.863803  (     774)
         167    1.235888    2.865418  (     714)
         168    1.236328    2.867664  (     722)
         169    1.200382    2.868140  (     347)
         170    1.236898    2.869192  (     732)
         171    1.187395    2.869452  (     289)
         172    1.215501    2.870080  (     405)
         173    1.068240    2.870489  (      56)
         174    1.110279    2.873948  (     105)
         175    1.182034    2.874503  (     274)
         176    1.062256    2.876057  (      52)
         177    1.034230    2.877262  (      27)
         178    1.218630    2.878009  (     423)
         179    1.229689    2.878130  (     605)
         180    1.238870    2.880526  (     766)
         181    1.239241    2.882394  (     772)
         182    1.232653    2.882744  (     659)
         183    1.093086    2.884727  (      79)
         184    1.170606    2.886056  (     241)
         185    1.215101    2.886363  (     402)
         186    1.239195    2.887957  (     771)
         187    1.233822    2.888361  (     684)
         188    1.237823    2.889137  (     749)
         189    1.234314    2.890714  (     694)
         190    1.203429    2.893442  (     364)
         191    1.235721    2.897345  (     710)
         192    1.239835    2.897677  (     792)
         193    1.077087    2.898852  (      64)
         194    1.051627    2.899829  (      44)
         195    1.238970    2.899969  (     768)
         196    1.230049    2.900746  (     611)
         197    1.231612    2.902556  (     642)
         198    1.037098    2.902925  (      30)
         199    1.237033    2.903465  (     735)
         200    1.237108    2.903955  (     736)
         201    1.192653    2.905041  (     311)
         202    1.239524    2.905257  (     785)
         203    1.206994    2.905294  (     384)
         204    1.237559    2.906137  (     747)
         205    1.235341    2.907314  (     705)
         206    1.238066    2.908234  (     753)
         207    1.238553    2.908668  (     762)
         208    1.160664    2.911003  (     209)
         209    1.232747    2.911085  (     661)
         210    1.239567    2.912165  (     786)
         211    1.239689    2.912554  (     790)
         212    1.233797    2.912834  (     683)
         213    1.236263    2.912928  (     720)
         214    1.075709    2.913122  (      63)
         215    1.084965    2.913948  (      71)
         216    1.239384    2.914789  (     776)
         217    1.236187    2.916588  (     719)
         218    1.238641    2.917263  (     764)
         219    1.240290    2.918957  (     799)
         220    1.239456    2.921665  (     781)
         221    1.043077    2.922069  (      35)
         222    1.233083    2.923401  (     669)
         223    1.239413    2.923961  (     778)
         224    1.238219    2.924976  (     758)
         225    1.130205    2.925602  (     140)
         226    1.233670    2.925720  (     680)
         227    1.236808    2.926835  (     731)
         228    1.237224    2.928081  (     738)
         229    1.236712    2.929347  (     729)
         230    1.192302    2.930649  (     309)
         231    1.238077    2.932679  (     754)
         232    1.169023    2.933628  (     232)
         233    1.240297    2.934955  (     800)
         234    1.238610    2.935126  (     763)
         235    1.233749    2.935331  (     681)
         236    1.239069    2.935592  (     769)
         237    1.235438    2.936456  (     706)
         238    1.120847    2.937290  (     127)
         239    1.237516    2.938104  (     745)
         240    1.238531    2.941509  (     761)
         241    1.239607    2.942505  (     788)
         242    1.127606    2.943873  (     139)
         243    1.236943    2.944069  (     733)
         244    1.044144    2.947129  (      38)
         245    1.170766    2.947607  (     243)
         246    1.188290    2.950306  (     292)
         247    1.239435    2.950995  (     780)
         248    1.226036    2.951977  (     516)
         249    1.092585    2.952565  (      77)
         250    1.156840    2.957208  (     205)
         251    1.239768    2.958963  (     791)
         252    1.098385    2.959198  (      85)
         253    1.106696    2.959905  (     100)
         254    1.196356    2.960491  (     331)
         255    1.181880    2.965815  (     272)
         256    1.234463    2.966750  (     696)
         257    1.175647    2.968034  (     257)
         258    1.202718    2.971176  (     361)
         259    1.111650    2.973765  (     107)
         260    1.236590    2.974157  (     728)
         261    1.239521    2.978083  (     784)
         262    1.221926    2.980551  (     440)
         263    1.204055    2.985563  (     368)
         264    1.215426    2.986060  (     404)
         265    1.153121    2.987200  (     193)
         266    1.236365    2.987336  (     723)
         267    1.143594    2.989253  (     169)
         268    1.190646    2.994313  (     301)
         269    1.226035    2.997755  (     515)
         270    1.194266    2.999829  (     318)
         271    1.192374    3.000467  (     310)
         272    1.064441    3.001859  (      53)
         273    1.239456    3.004150  (     782)
         274    1.099847    3.004537  (      87)
         275    1.235273    3.004718  (     704)
         276    1.223665    3.008296  (     453)
         277    1.232552    3.010255  (     657)
         278    1.240130    3.010272  (     796)
         279    1.052486    3.010850  (      45)
         280    1.065800    3.010911  (      55)
         281    1.041958    3.012588  (      34)
         282    1.227300    3.013019  (     548)
         283    1.073707    3.013223  (      60)
         284    1.233368    3.015658  (     674)
         285    1.092999    3.015845  (      78)
         286    1.238641    3.016685  (     765)
         287    1.228398    3.017268  (     576)
         288    1.233420    3.017962  (     675)
         289    1.119468    3.019054  (     124)
         290    1.230748    3.019349  (     628)
         291    1.232245    3.019469  (     654)
         292    1.228532    3.019968  (     582)
         293    1.227557    3.019972  (     551)
         294    1.228550    3.020503  (     585)
         295    1.228516    3.020578  (     581)
         296    1.228502    3.020609  (     580)
         297    1.228409    3.020815  (     577)
         298    1.228332    3.020988  (     575)
         299    1.228323    3.021009  (     574)
         300    1.228302    3.021056  (     573)
         301    1.239498    3.021109  (     783)
         302    1.227946    3.021870  (     566)
         303    1.227920    3.021931  (     563)
         304    1.161500    3.022018  (     212)
         305    1.230185    3.024296  (     613)
         306    1.233368    3.024475  (     673)
         307    1.236009    3.024847  (     716)
         308    1.233260    3.024913  (     672)
         309    1.230591    3.025063  (     623)
         310    1.228285    3.025525  (     572)
         311    1.073657    3.025835  (      59)
         312    1.226173    3.026537  (     521)
         313    1.232278    3.026868  (     655)
         314    1.231175    3.026986  (     636)
         315    1.232877    3.027015  (     663)
         316    1.231268    3.027273  (     637)
         317    1.231318    3.027397  (     638)
         318    1.226537    3.027418  (     534)
         319    1.234899    3.027757  (     701)
         320    1.232056    3.028087  (     650)
         321    1.230261    3.028112  (     617)
         322    1.195268    3.028226  (     324)
         323    1.231883    3.028238  (     649)
         324    1.232879    3.028865  (     664)
         325    1.232942    3.028877  (     667)
         326    1.230612    3.028908  (     624)
         327    1.233139    3.028939  (     671)
         328    1.233647    3.029050  (     678)
         329    1.231766    3.029265  (     645)
         330    1.230993    3.029337  (     633)
         331    1.231427    3.029537  (     640)
         332    1.230193    3.029585  (     614)
         333    1.233044    3.029660  (     668)
         334    1.229068    3.029823  (     597)
         335    1.233135    3.029860  (     670)
         336    1.237374    3.029976  (     742)
         337    1.222532    3.030411  (     444)
         338    1.234117    3.030935  (     690)
         339    1.205848    3.031282  (     376)
         340    1.234175    3.031908  (     691)
         341    1.224970    3.031973  (     488)
         342    1.234653    3.031987  (     697)
         343    1.224936    3.032429  (     484)
         344    1.226884    3.032578  (     545)
         345    1.224925    3.032632  (     483)
         346    1.234655    3.032830  (     698)
         347    1.225816    3.032842  (     510)
         348    1.080654    3.032984  (      66)
         349    1.231813    3.033123  (     646)
         350    1.239415    3.033234  (     779)
         351    1.226397    3.033371  (     530)
         352    1.225737    3.033616  (     508)
         353    1.224921    3.033672  (     482)
         354    1.217436    3.033970  (     412)
         355    1.233657    3.034091  (     679)
         356    1.230560    3.034153  (     622)
         357    1.227687    3.034161  (     555)
         358    1.224952    3.034162  (     486)
         359    1.225184    3.034266  (     495)
         360    1.229673    3.034359  (     604)
         361    1.224974    3.034379  (     489)
         362    1.227782    3.034408  (     557)
         363    1.233843    3.034502  (     685)
         364    1.231864    3.034832  (     648)
         365    1.226205    3.034884  (     523)
         366    1.228066    3.034899  (     571)
         367    1.224469    3.034988  (     471)
         368    1.224505    3.035070  (     473)
         369    1.226622    3.035163  (     535)
         370    1.225649    3.035238  (     506)
         371    1.225117    3.035246  (     493)
         372    1.226358    3.035251  (     528)
         373    1.224429    3.035294  (     469)
         374    1.224709    3.035351  (     477)
         375    1.225410    3.035380  (     499)
         376    1.225739    3.035381  (     509)
         377    1.228977    3.035424  (     594)
         378    1.224385    3.035669  (     467)
         379    1.225427    3.035720  (     500)
         380    1.225248    3.035745  (     497)
         381    1.224371    3.035834  (     465)
         382    1.229812    3.035904  (     607)
         383    1.224462    3.035928  (     470)
         384    1.225318    3.035961  (     498)
         385    1.224955    3.036007  (     487)
         386    1.224764    3.036044  (     478)
         387    1.232309    3.036052  (     656)
         388    1.078326    3.036057  (      65)
         389    1.230676    3.036200  (     626)
         390    1.225512    3.036452  (     501)
         391    1.225191    3.036456  (     496)
         392    1.225860    3.036561  (     512)
         393    1.226164    3.036589  (     520)
         394    1.224087    3.036657  (     460)
         395    1.225613    3.036664  (     505)
         396    1.227649    3.036807  (     554)
         397    1.225546    3.036898  (     503)
         398    1.218363    3.036982  (     420)
         399    1.228623    3.037003  (     587)
         400    1.225681    3.037038  (     507)
