Model_ID, [(c_i,i=0,n)_j,j=1,ntask]
           1   -0.9780587002E+01   -0.3248294087E+01
           2    0.6586419247E+01   -0.2391298242E-03
           3    0.5009430941E+01    0.1367402299E+04
           4    0.8398881022E+01   -0.4337710798E-01
           5   -0.6365548163E+01    0.2357819710E+01
           6    0.1636768249E+02   -0.5370448869E-01
           7    0.7642975649E+01   -0.3033681347E-01
           8    0.4729600421E+01   -0.4554337298E+00
           9    0.3408994120E+01   -0.3593498823E+01
          10    0.3427817973E+01    0.7339022635E+00
          11    0.1456105686E+02   -0.1090465692E+02
          12    0.4586368929E+01   -0.1003529742E-01
          13    0.3646774752E+01    0.1429660053E+01
          14    0.7989049082E+01   -0.1083511144E+00
          15    0.5274938178E+01   -0.2721742693E-01
          16   -0.1625034835E+02    0.9375003634E+02
          17   -0.6769248028E+01    0.2317842046E+01
          18    0.8523428818E+01   -0.4060246840E-01
          19    0.2820279909E+01    0.4554894609E+03
          20    0.1014365607E+01    0.3391344392E+01
          21    0.3654471720E+01    0.5752107541E+01
          22    0.3634643349E+01    0.1026558167E+02
          23    0.3647852873E+01    0.2921688327E+02
          24    0.3634449164E+01    0.7193095339E+02
          25    0.7880431859E+01   -0.6997317538E-03
          26    0.7095784978E+01   -0.2465327439E+01
          27    0.3392543744E+01   -0.1052501239E+02
          28    0.3635154503E+01   -0.3508698394E+01
          29   -0.6784436952E+01   -0.2326382689E+01
          30    0.1135463000E+01    0.2386682980E+02
          31   -0.5956847710E+01    0.9574511906E+01
          32    0.3548218294E+01    0.8437596016E+00
          33    0.3650735563E+01    0.1947304820E+00
          34    0.8504072450E+01   -0.1351536668E+02
          35   -0.1602436555E+01   -0.3450954013E+01
          36    0.7596742758E+01    0.3799432097E-01
          37    0.1631944066E+02   -0.8032203406E+01
          38    0.2464797132E+02   -0.4451758784E+01
          39    0.3619540802E+01    0.1388856691E+02
          40    0.1507834064E+02   -0.3308346338E+02
          41    0.4624749459E+01   -0.2338536889E-02
          42    0.2361472246E+01    0.9385576492E+02
          43   -0.5805963311E+01    0.1601472620E+01
          44    0.4635714606E+01   -0.1713255328E-01
          45    0.3540030255E+01    0.4881541398E+03
          46    0.3121407014E+01    0.1485732396E-03
          47    0.4611349913E+01   -0.4298869730E+00
          48    0.4564222139E+01   -0.5057105680E-01
          49    0.3359447693E+01   -0.1049785395E+02
          50    0.5575765714E+01   -0.1102206365E+01
          51    0.4582149563E+01   -0.2417220253E+00
          52    0.5576397740E+01   -0.2744914024E+00
          53    0.4844624465E+01   -0.3991870326E+00
          54    0.1005521944E+01    0.2455874517E+02
          55    0.4624675329E+01   -0.7292586559E+00
          56    0.8424364867E+01   -0.3032686080E+00
          57    0.7610332279E+01   -0.4452645982E+00
          58    0.1183588603E+01    0.2309032655E+02
          59   -0.4161626092E+00    0.9018178702E+01
          60    0.2953334101E+01    0.2235485065E+03
          61    0.3511892403E+01    0.3504894713E+01
          62    0.3588517639E+01    0.6756175566E+03
          63    0.3658245384E+01    0.1343175705E+03
          64    0.3376102541E+01   -0.3580763400E+01
          65    0.4676142818E+01   -0.1458129924E-01
          66    0.5671470679E+01   -0.1049494337E+03
          67    0.4621860889E+01   -0.1029715498E+00
          68    0.3390718773E+01    0.7535256073E+00
          69    0.1687048584E+02   -0.1199747925E+02
          70   -0.2052337556E+02    0.2159549793E+02
          71    0.4602748822E+01   -0.5468411606E-01
          72    0.4872038646E+01    0.6602595712E+03
          73    0.8879907993E+00    0.2462136298E+02
          74    0.7482925621E+00   -0.2755307149E+02
          75    0.4388407470E+01    0.3998271212E+00
          76    0.3658568351E+01    0.3226016779E-01
          77    0.7906400800E+01   -0.1187752999E+02
          78    0.5188453870E+01   -0.6694341944E-01
          79    0.7077010887E+01   -0.2031648114E-01
          80    0.1654385299E+02   -0.1754734521E+04
          81    0.1436054148E+02    0.2826676958E+02
          82    0.5150193655E+01    0.2261904634E+04
          83    0.3616914195E+01    0.1600492120E+02
          84    0.6584559057E+01   -0.1572753926E-01
          85    0.2929785036E+01    0.1720662363E+02
          86    0.1238936763E+01    0.6113328756E+02
          87   -0.6535874900E+01    0.7500771712E-01
          88   -0.9675831672E+01   -0.2917141765E+01
          89   -0.6795100595E+01    0.1153458817E+02
          90    0.7638734550E+01   -0.2799329828E-01
          91    0.8165757883E+01    0.2015921655E+01
          92    0.7196926218E+01   -0.1084458033E+01
          93   -0.6797684146E+01    0.1645846578E+02
          94    0.1183661598E+01    0.8045289389E+01
          95    0.5283020395E+01   -0.2901583001E-03
          96    0.4243491351E+01    0.3941495871E-02
          97   -0.5552456287E+01    0.3177485626E+01
          98    0.7538756401E+01   -0.1451007947E-03
          99    0.4543682780E+01   -0.2253329628E+00
         100    0.3194835860E+01    0.3065147700E-02
         101    0.1361136145E+01    0.8975311283E+02
         102    0.4444370805E+01   -0.3787353927E-01
         103    0.5264061707E+01   -0.2644521807E-01
         104    0.1265887090E+01    0.4940519843E+00
         105    0.5289212033E+01    0.9664961247E+03
         106    0.5192048500E+01   -0.4902280427E-01
         107    0.5296805450E+01    0.1430799096E+03
         108   -0.6786639477E+01    0.2468954345E+04
         109    0.5237190883E+01    0.5383017027E+03
         110    0.7927770532E+01   -0.1375481246E-01
         111    0.5221320188E+01    0.5906650772E+02
         112    0.4746773299E+01   -0.2155412494E-02
         113    0.6013272216E+00   -0.2591473684E+02
         114    0.4750032600E+01   -0.4732588706E+01
         115    0.5399153596E+01    0.4039938503E+00
         116    0.4765177303E+01   -0.5872757311E-01
         117    0.7748483213E+01   -0.5232569474E-02
         118    0.5145453860E+01   -0.9461046345E-03
         119    0.4761606938E+01   -0.3967084689E+02
         120    0.8522280012E+01   -0.1959468381E+00
         121    0.4759833804E+01   -0.2616088665E+00
         122    0.1436789652E+02   -0.2091329317E+01
         123    0.3080291747E+01    0.4330890107E-03
         124    0.4707697562E+01   -0.9477969618E-02
         125    0.3913276830E+01    0.2645230462E+01
         126   -0.9025438283E+01    0.2767560936E+01
         127    0.9042511393E+01   -0.2372134041E+01
         128    0.8504759351E+00   -0.2355971541E+02
         129    0.4793159217E+01   -0.2960048925E+02
         130    0.7813584703E+01   -0.1998786004E+01
         131    0.4749498702E+01   -0.1044104761E+01
         132    0.1963419246E+00    0.3351674239E+02
         133    0.6263188531E+00    0.3580747630E+03
         134    0.4743739061E+01   -0.6711594930E+00
         135    0.2582106636E+01    0.2440740031E+04
         136    0.5992155936E+01   -0.1687602720E+01
         137    0.4802546216E+01   -0.5434473469E-01
         138    0.5103159680E+01   -0.2378292046E+00
         139    0.7473375643E+01    0.3691052795E-01
         140    0.4723836326E+01   -0.1697127955E+01
         141    0.4720935041E+01   -0.1114414123E-01
         142    0.1507635536E+01    0.4093733031E+00
         143    0.3213531726E+01    0.3218677427E-03
         144    0.7063406184E+01   -0.1124962814E-02
         145    0.5067687585E+01   -0.2615796056E+03
         146    0.5183358518E+01   -0.1172244438E+01
         147    0.4336213388E+01    0.2320088540E+00
         148    0.4731014466E+01   -0.9341927883E-01
         149    0.5071255410E+01   -0.5180179081E-02
         150    0.4736885387E+01   -0.2066184674E+03
         151    0.6686571855E+01   -0.1942985458E+01
         152    0.4152335834E+00    0.2638643028E+02
         153    0.7225343761E+01   -0.4995220954E-02
         154    0.5175648791E+01   -0.1678523736E-02
         155   -0.4173720828E+00    0.4347508879E+02
         156    0.5171638534E+01   -0.2504595714E+00
         157    0.8469856036E+00   -0.2402535457E+02
         158    0.5047427642E+01   -0.1157300881E-02
         159    0.7161290738E+01   -0.3146353015E+00
         160    0.4830327246E+01    0.2700208850E+04
         161    0.4296110306E+01    0.5209826723E-02
         162    0.4577252679E+01   -0.2162499896E-01
         163    0.5115483827E+01   -0.1182623365E-01
         164    0.5014758441E+01   -0.2201848966E-03
         165    0.4326298463E+01   -0.1613109293E+00
         166    0.4301898957E+01   -0.4523021028E+00
         167    0.4325108059E+01   -0.2270865986E-03
         168    0.4324608909E+01   -0.3366694775E-01
         169    0.3041652020E+01   -0.3825890284E+01
         170    0.5978655450E+01   -0.2830305571E-01
         171    0.7533749918E+01   -0.2660548199E-02
         172    0.5874878486E+01   -0.8396591578E+01
         173    0.5116448250E+01   -0.2577544965E+02
         174    0.7522491940E+01   -0.5247582355E-01
         175    0.3189234193E+01    0.7398498867E-04
         176    0.5317222730E+01   -0.6016228063E-02
         177    0.5106094561E+01   -0.1004152611E+00
         178    0.4770739431E+01   -0.2326155974E+00
         179    0.4326843687E+01   -0.6580156706E+00
         180    0.4321746446E+01    0.7436938763E-04
         181    0.4321330290E+01   -0.1102667278E-01
         182    0.4354935132E+01   -0.3670085011E-01
         183    0.6069647791E+01   -0.3448427938E+02
         184    0.3258747777E+01   -0.1198975452E-03
         185    0.8427524898E+01    0.2392210200E+01
         186    0.4330164461E+01   -0.1024418238E+00
         187    0.4353649341E+01   -0.5165488247E-04
         188    0.4322276201E+01   -0.3407673863E+01
         189    0.4353110192E+01   -0.7657460073E-02
         190    0.3049613943E+01    0.7843867076E+00
         191    0.4350906988E+01   -0.2526695237E-02
         192    0.4342354304E+01    0.2267813267E-02
         193    0.5298810377E+01   -0.1312558592E-01
         194    0.5132347163E+01   -0.8453483465E-01
         195    0.4348556547E+01   -0.1733167941E-01
         196    0.4353887590E+01   -0.1487998429E+00
         197    0.4406024191E+01   -0.1002922798E-01
         198    0.5143496294E+01   -0.3565315857E+01
         199    0.4348379696E+01    0.2582814896E-02
         200    0.4346384136E+01    0.2558047605E-02
         201    0.7201111171E+01   -0.1073710635E+02
         202    0.4348754017E+01   -0.2199499305E-02
         203    0.5087761284E+01   -0.4439798863E+03
         204    0.4349568807E+01   -0.2506504662E-02
         205    0.4350545961E+01    0.2909659580E-02
         206    0.4352607689E+01   -0.2456439336E-02
         207    0.4350557550E+01   -0.2430833647E-02
         208    0.4915199959E+01   -0.5204689843E-01
         209    0.4378902078E+01   -0.2843546853E-01
         210    0.4347968517E+01   -0.7183713265E-02
         211    0.4349645407E+01   -0.3567097520E-03
         212    0.4403943324E+01   -0.2091023847E-02
         213    0.4350258779E+01   -0.7744394961E+00
         214    0.5316845629E+01    0.1320538200E+03
         215    0.5371043907E+01    0.2379072961E+03
         216    0.4348247309E+01    0.2486499289E-02
         217    0.4358066859E+01   -0.2788991990E-02
         218    0.4398985259E+01   -0.1558502766E-02
         219    0.4346615066E+01   -0.8210187110E-03
         220    0.4372718173E+01   -0.4419000912E-02
         221    0.5160086587E+01   -0.6615650798E-02
         222    0.4402140150E+01   -0.4038667909E-01
         223    0.4365865978E+01   -0.1639914225E-02
         224    0.4398935771E+01   -0.4737089173E-02
         225    0.5042329890E+01   -0.2676208288E-01
         226    0.5445052466E+01    0.5182207539E+01
         227    0.4401091992E+01   -0.4856616613E+00
         228    0.4727397503E+01    0.5810986236E+00
         229    0.4374798143E+01   -0.1379248346E+01
         230    0.3024910895E+01    0.2905672455E+00
         231    0.4399895955E+01   -0.6834183556E-03
         232    0.5598755027E+01   -0.1460031184E+02
         233    0.4400510962E+01   -0.6892976958E-01
         234    0.4399394049E+01   -0.1013035834E+00
         235    0.4398609761E+01   -0.6433637762E-02
         236    0.4374542932E+01   -0.1962313002E+00
         237    0.1910138340E+01    0.1060424044E+02
         238    0.5068832695E+01   -0.6305829322E-01
         239    0.4396099945E+01   -0.1361456756E-03
         240    0.4400760002E+01   -0.2104989781E+00
         241    0.4371825256E+01   -0.4516444705E+00
         242    0.5471752885E+01   -0.3806142085E+02
         243    0.4398428059E+01   -0.1959284342E+01
         244    0.5133461644E+01   -0.5899877613E+00
         245    0.7066259919E+01    0.1474290359E+02
         246    0.1011765079E+01    0.2727930362E+02
         247    0.4398263933E+01   -0.2787626800E+00
         248    0.6166177848E+01   -0.8846572104E+01
         249    0.5080248078E+01   -0.2783079955E-01
         250    0.1388035307E+02   -0.2189165935E+01
         251    0.4395731788E+01   -0.6416556554E+00
         252    0.5072489526E+01   -0.4122650662E+01
         253    0.5410581502E+01   -0.2145816876E+02
         254    0.2994026618E+01   -0.4026909221E+01
         255    0.3154580943E+01    0.2678100358E-03
         256    0.7902699274E+01   -0.6465822195E-02
         257    0.5411927719E+01    0.1092319180E+03
         258    0.3281031093E+01    0.1509557396E-03
         259    0.5054427993E+01   -0.5785841682E-02
         260    0.2910215207E+01    0.4560766695E-01
         261    0.6096306705E+01   -0.1756529264E+01
         262    0.3102269969E+01   -0.9954067255E+01
         263    0.4462956284E+00    0.3739593804E+03
         264    0.3043890351E+01   -0.1059568513E+02
         265    0.5403203095E+01    0.8426265635E+02
         266    0.4620831179E+01   -0.3589561278E-01
         267    0.7339982714E+01   -0.1066515140E+02
         268    0.4971866373E+01   -0.2802915176E-02
         269    0.4791194437E+01   -0.2140134738E+00
         270    0.9157037582E+00    0.2266596141E+02
         271    0.2987817275E+01    0.8851019947E+00
         272    0.5161933003E+01   -0.1210645648E+00
         273    0.4548246398E+01   -0.8656703549E+01
         274    0.5037642735E+01   -0.4616378890E+01
         275    0.4539922387E+01   -0.1926207102E+00
         276    0.4553886036E+01   -0.5360828080E-01
         277    0.4555874267E+01   -0.8198203782E-01
         278    0.4555988171E+01   -0.2250124615E+00
         279    0.5104885542E+01   -0.1276029253E+00
         280    0.5043272905E+01    0.1001334539E+00
         281    0.5137969782E+01   -0.2728773929E-03
         282    0.4558615461E+01   -0.1158932286E-01
         283    0.5161976977E+01   -0.1539277546E+00
         284    0.4626621561E+01    0.3710214207E-01
         285    0.5102122353E+01   -0.3165005847E-01
         286    0.4627533941E+01   -0.3119869685E-01
         287    0.4562863897E+01   -0.6247532457E+01
         288    0.4563387443E+01   -0.2139259657E-01
         289    0.5104858466E+01   -0.1199875668E-01
         290    0.4565052137E+01   -0.4747055069E-03
         291    0.4637210922E+01    0.2907731902E-01
         292    0.4565480394E+01   -0.4756716303E+02
         293    0.4565774570E+01   -0.1048542624E+01
         294    0.4565177777E+01   -0.1340962430E-01
         295    0.4565471446E+01   -0.9000710330E+01
         296    0.4565594751E+01   -0.5922664635E-01
         297    0.4566407187E+01   -0.1510890757E+00
         298    0.4567088323E+01   -0.3854068993E+00
         299    0.4567172917E+01   -0.2536011025E-02
         300    0.4567358962E+01   -0.1702107923E+01
         301    0.4622890516E+01   -0.8950087867E-03
         302    0.4570614669E+01   -0.9506082997E-01
         303    0.4570861344E+01   -0.1199808067E+00
         304    0.5026246214E+01   -0.8265520984E-01
         305    0.3185837068E+01    0.1111255011E-01
         306    0.4633939099E+01   -0.4232962029E-01
         307    0.4635638087E+01   -0.8570110807E+01
         308    0.4619680880E+01   -0.4887399266E-02
         309    0.4577288589E+01   -0.1218699872E+00
         310    0.4571111987E+01   -0.3655448179E-02
         311    0.5169085123E+01   -0.2983430372E-01
         312    0.4590499586E+01   -0.5454585288E-01
         313    0.4638051446E+01    0.2872131852E-01
         314    0.4623103829E+01   -0.3096585203E+00
         315    0.4632083165E+01   -0.2918910106E+00
         316    0.4626100112E+01   -0.4615673950E-03
         317    0.4627455162E+01   -0.7015837782E-01
         318    0.4599565238E+01    0.1057144172E-01
         319    0.4651534769E+01    0.3343349963E-01
         320    0.4633356436E+01   -0.7075713941E-02
         321    0.4628312858E+01   -0.2336236915E-01
         322    0.3013154735E+01    0.3133006302E+00
         323    0.4638189748E+01   -0.2752896091E-01
         324    0.4644817913E+01   -0.1145759003E+00
         325    0.4650553530E+01   -0.1079052388E-01
         326    0.4639229143E+01   -0.3605088112E+00
         327    0.4652385250E+01   -0.1639642832E+01
         328    0.4656698062E+01   -0.2441809864E-02
         329    0.4638039465E+01   -0.2641202188E-01
         330    0.4639513369E+01   -0.6673855935E-03
         331    0.4639893359E+01   -0.7814445293E-01
         332    0.4638067455E+01   -0.8748931059E-04
         333    0.4651168136E+01   -0.2594652510E-01
         334    0.4575408194E+01   -0.1971153650E+01
         335    0.4639570467E+01   -0.1135196372E+01
         336    0.4630205098E+01   -0.8255801899E+00
         337    0.4641578695E+01   -0.7782105567E-03
         338    0.4635390564E+01   -0.1023826559E+00
         339    0.7433658038E+01    0.4125254391E+00
         340    0.4641108944E+01   -0.9642222966E-02
         341    0.4617572894E+01   -0.3669677752E-01
         342    0.4636603747E+01   -0.2224444750E-01
         343    0.4620144259E+01   -0.5470981144E-04
         344    0.4630075437E+01   -0.1025763916E+01
         345    0.4621309080E+01   -0.8316709893E-02
         346    0.4642207231E+01   -0.2095000280E-02
         347    0.4625177016E+01   -0.6897294547E-02
         348    0.5154702696E+01   -0.2204883029E-03
         349    0.4578713491E+01   -0.4262608578E+00
         350    0.4635924275E+01   -0.2125990211E+00
         351    0.4662672496E+01    0.1791640876E-01
         352    0.4629593255E+01   -0.1563229442E-02
         353    0.4627509202E+01   -0.2191170687E+01
         354    0.4641358735E+01   -0.1270344648E+00
         355    0.4636697105E+01   -0.2597152605E-01
         356    0.4646660699E+01   -0.4644785018E-01
         357    0.4642469887E+01   -0.6116049303E+02
         358    0.4630583387E+01   -0.3266419730E-02
         359    0.4661786626E+01    0.2072863899E-01
         360    0.4643038212E+01    0.2440177581E-01
         361    0.4631973968E+01   -0.4965194533E+00
         362    0.4660593188E+01   -0.1882384830E-01
         363    0.4601381498E+01   -0.8557680299E-01
         364    0.4644031164E+01   -0.2182625616E-01
         365    0.4639658169E+01   -0.7050605699E-03
         366    0.4653573626E+01   -0.1064357261E-01
         367    0.4628549436E+01   -0.7722671283E+00
         368    0.4642011229E+01   -0.8981854793E+00
         369    0.4643707798E+01   -0.1483169861E+01
         370    0.4631540441E+01   -0.1348931133E+00
         371    0.4637812494E+01   -0.8603393703E+00
         372    0.4642326105E+01   -0.7550506628E-03
         373    0.4629241502E+01   -0.5305660131E-01
         374    0.4636200536E+01   -0.1931370161E-02
         375    0.4639168781E+01   -0.5171073384E-03
         376    0.4640514559E+01   -0.6139285602E-03
         377    0.4655114846E+01   -0.2396362754E+02
         378    0.4632216295E+01   -0.7910891156E-04
         379    0.4641122902E+01   -0.5435833501E-03
         380    0.4641384206E+01   -0.1282281864E-02
         381    0.4633564060E+01   -0.1202633009E-01
         382    0.4661385559E+01   -0.5421522628E+01
         383    0.4632544296E+01   -0.4269335625E-01
         384    0.4642996892E+01   -0.1948975395E+00
         385    0.4632088683E+01   -0.1150064740E-02
         386    0.4641483093E+01   -0.8034844678E-02
         387    0.4634478097E+01   -0.1408088198E+00
         388    0.5097216851E+01   -0.1051997442E+01
         389    0.4641620139E+01   -0.4336289023E-01
         390    0.4646808217E+01   -0.2904441644E-03
         391    0.4633680213E+01   -0.1747335862E+00
         392    0.4630178249E+01   -0.1675109189E+00
         393    0.4643684697E+01   -0.4226598824E-01
         394    0.4644039795E+01   -0.2552104024E+01
         395    0.4648527270E+01   -0.4414250956E-01
         396    0.4647370210E+01    0.1529141879E-01
         397    0.4642374747E+01   -0.1741829187E-02
         398    0.4644529340E+01   -0.2759516360E-01
         399    0.4644838617E+01   -0.9660833663E-02
         400    0.4633656463E+01   -0.9249422797E-02
