        Rank        RMSE       MaxAE  Feature_ID
           1    0.971433    2.093349  (      95)
           2    0.945542    2.126861  (      57)
           3    0.972007    2.137803  (      98)
           4    1.049197    2.163943  (     648)
           5    1.027256    2.215629  (     416)
           6    0.981213    2.246876  (     142)
           7    1.004230    2.248406  (     264)
           8    1.040434    2.263149  (     547)
           9    1.025928    2.268998  (     409)
          10    1.055370    2.286826  (     727)
          11    0.972171    2.299659  (     101)
          12    1.024022    2.308736  (     399)
          13    1.060969    2.309757  (     798)
          14    0.986414    2.312687  (     162)
          15    0.868174    2.320264  (       3)
          16    0.870730    2.325081  (       4)
          17    1.044893    2.329237  (     595)
          18    0.871649    2.330023  (       6)
          19    0.871634    2.332481  (       5)
          20    0.871659    2.332570  (       7)
          21    1.011239    2.332630  (     302)
          22    0.872288    2.334779  (       8)
          23    1.036786    2.339633  (     499)
          24    0.879084    2.341810  (      11)
          25    0.901343    2.342273  (      16)
          26    1.012843    2.343057  (     311)
          27    0.874995    2.344258  (       9)
          28    0.875949    2.347590  (      10)
          29    0.891149    2.349371  (      13)
          30    0.913700    2.351262  (      19)
          31    0.842983    2.355747  (       2)
          32    0.887909    2.356026  (      12)
          33    0.921379    2.358262  (      25)
          34    0.905132    2.361054  (      17)
          35    1.040347    2.362325  (     546)
          36    0.924527    2.362439  (      32)
          37    0.923437    2.366467  (      28)
          38    0.923502    2.367371  (      29)
          39    0.923851    2.368843  (      31)
          40    0.923591    2.369847  (      30)
          41    0.939151    2.374786  (      45)
          42    0.925451    2.375642  (      34)
          43    0.918942    2.379047  (      24)
          44    0.940472    2.381630  (      50)
          45    1.042246    2.382241  (     570)
          46    1.014441    2.384418  (     323)
          47    0.973214    2.386403  (     107)
          48    0.914051    2.387149  (      20)
          49    1.060541    2.387829  (     793)
          50    0.971124    2.388524  (      91)
          51    1.058835    2.388748  (     764)
          52    0.952669    2.391894  (      65)
          53    0.942083    2.395148  (      53)
          54    1.022931    2.397077  (     389)
          55    1.046154    2.397134  (     612)
          56    0.961687    2.397258  (      77)
          57    1.008846    2.399657  (     287)
          58    0.941953    2.401295  (      52)
          59    0.838711    2.402619  (       1)
          60    1.060853    2.404787  (     796)
          61    1.021864    2.405988  (     380)
          62    0.946159    2.406404  (      58)
          63    1.051769    2.407273  (     681)
          64    0.946164    2.411811  (      59)
          65    1.002063    2.411854  (     243)
          66    1.051932    2.413671  (     684)
          67    0.946929    2.414963  (      60)
          68    1.060064    2.419766  (     782)
          69    0.973421    2.419852  (     109)
          70    0.916191    2.426487  (      21)
          71    1.039689    2.427349  (     538)
          72    0.962437    2.427991  (      82)
          73    0.950145    2.428005  (      61)
          74    0.962342    2.429154  (      80)
          75    1.003435    2.429288  (     260)
          76    0.962036    2.429762  (      79)
          77    0.962426    2.430812  (      81)
          78    1.001369    2.430997  (     239)
          79    0.959432    2.431420  (      73)
          80    1.049961    2.431892  (     654)
          81    1.015480    2.433071  (     332)
          82    0.952215    2.435224  (      64)
          83    0.957349    2.436894  (      69)
          84    0.974008    2.440486  (     112)
          85    0.943575    2.442400  (      54)
          86    0.968646    2.443104  (      87)
          87    1.011244    2.444437  (     303)
          88    1.007094    2.444833  (     278)
          89    0.973846    2.444863  (     111)
          90    1.001414    2.445276  (     241)
          91    0.997119    2.445708  (     220)
          92    0.966678    2.450193  (      84)
          93    0.924846    2.451098  (      33)
          94    0.970437    2.451628  (      90)
          95    0.985177    2.453096  (     154)
          96    0.986317    2.457122  (     161)
          97    0.940190    2.457440  (      49)
          98    0.937085    2.458676  (      44)
          99    0.930620    2.461731  (      41)
         100    1.017174    2.463964  (     348)
         101    1.004658    2.463997  (     267)
         102    0.918924    2.464154  (      23)
         103    0.978429    2.465222  (     127)
         104    1.054385    2.466237  (     712)
         105    1.048450    2.466981  (     641)
         106    0.971407    2.467017  (      94)
         107    1.051533    2.467404  (     675)
         108    0.961051    2.468004  (      76)
         109    1.055824    2.468749  (     732)
         110    0.954589    2.469073  (      66)
         111    0.979712    2.470846  (     133)
         112    0.977275    2.472252  (     121)
         113    0.972728    2.474964  (     105)
         114    1.053345    2.475646  (     700)
         115    0.990766    2.477277  (     182)
         116    0.997140    2.480613  (     221)
         117    1.028640    2.481299  (     436)
         118    0.960007    2.481876  (      75)
         119    1.042918    2.482229  (     575)
         120    0.895900    2.482381  (      15)
         121    0.939359    2.482516  (      46)
         122    1.005101    2.482650  (     269)
         123    0.994613    2.485057  (     206)
         124    1.019279    2.485202  (     363)
         125    0.933908    2.485731  (      43)
         126    1.002713    2.486832  (     253)
         127    1.010843    2.487319  (     299)
         128    0.922559    2.491424  (      27)
         129    1.009461    2.494231  (     294)
         130    0.930860    2.495228  (      42)
         131    0.984698    2.495696  (     150)
         132    1.028058    2.502758  (     424)
         133    0.985655    2.503838  (     156)
         134    1.028426    2.506940  (     430)
         135    0.977647    2.512417  (     124)
         136    0.930329    2.512774  (      40)
         137    1.020047    2.513873  (     365)
         138    0.985046    2.516759  (     153)
         139    0.975362    2.517381  (     114)
         140    0.926174    2.517433  (      36)
         141    0.987428    2.517724  (     167)
         142    0.939809    2.518280  (      47)
         143    1.040303    2.519095  (     545)
         144    0.950868    2.520390  (      62)
         145    1.023669    2.521432  (     395)
         146    1.007453    2.521700  (     283)
         147    1.045053    2.522030  (     600)
         148    0.979741    2.524281  (     134)
         149    0.981160    2.525628  (     141)
         150    0.961909    2.529437  (      78)
         151    1.009217    2.530291  (     291)
         152    0.971885    2.531132  (      97)
         153    0.944752    2.531652  (      56)
         154    1.021182    2.532069  (     374)
         155    1.023312    2.532848  (     390)
         156    0.978732    2.533972  (     129)
         157    1.058249    2.534027  (     757)
         158    0.980209    2.534438  (     138)
         159    1.039214    2.534456  (     532)
         160    1.048531    2.536236  (     642)
         161    1.037964    2.537532  (     511)
         162    0.977912    2.539681  (     125)
         163    0.928656    2.541872  (      39)
         164    1.028583    2.542212  (     434)
         165    1.055174    2.545488  (     722)
         166    1.031852    2.546993  (     461)
         167    1.038835    2.548489  (     526)
         168    1.016862    2.548526  (     343)
         169    1.027932    2.548700  (     423)
         170    0.985020    2.550451  (     152)
         171    1.034361    2.550683  (     477)
         172    0.993596    2.552655  (     200)
         173    1.056518    2.554109  (     741)
         174    1.045330    2.554760  (     604)
         175    0.996146    2.555783  (     213)
         176    0.979773    2.555884  (     135)
         177    1.038706    2.556813  (     523)
         178    1.044282    2.557205  (     588)
         179    0.916853    2.557827  (      22)
         180    1.053239    2.557910  (     698)
         181    1.051850    2.558560  (     683)
         182    0.979133    2.559204  (     130)
         183    0.993589    2.559526  (     199)
         184    1.045505    2.559878  (     607)
         185    1.042132    2.560784  (     569)
         186    1.023656    2.561249  (     394)
         187    0.970219    2.561346  (      88)
         188    1.040623    2.561637  (     549)
         189    1.044977    2.562062  (     598)
         190    1.058006    2.563050  (     755)
         191    1.037715    2.566469  (     509)
         192    1.038450    2.567890  (     519)
         193    1.015935    2.568106  (     336)
         194    1.018288    2.568253  (     358)
         195    1.020382    2.568382  (     369)
         196    0.977327    2.568460  (     123)
         197    1.016332    2.569614  (     340)
         198    1.043752    2.569775  (     581)
         199    1.044448    2.572038  (     590)
         200    1.014709    2.573359  (     325)
         201    1.056460    2.573642  (     740)
         202    1.057660    2.573665  (     751)
         203    1.055328    2.574623  (     725)
         204    1.044923    2.574892  (     596)
         205    1.054364    2.575578  (     710)
         206    1.011443    2.576511  (     307)
         207    1.041845    2.576802  (     562)
         208    0.997562    2.577301  (     223)
         209    0.943787    2.577420  (      55)
         210    1.047769    2.577675  (     636)
         211    1.048008    2.578489  (     639)
         212    0.995125    2.578664  (     208)
         213    1.044471    2.579068  (     591)
         214    0.978230    2.579980  (     126)
         215    0.992296    2.580707  (     190)
         216    0.980177    2.580757  (     137)
         217    1.018425    2.580759  (     360)
         218    1.050245    2.580867  (     663)
         219    1.040172    2.580948  (     543)
         220    1.054472    2.580990  (     713)
         221    0.990035    2.581886  (     180)
         222    1.058989    2.582193  (     766)
         223    1.048926    2.582546  (     645)
         224    1.043829    2.583431  (     582)
         225    0.973247    2.583521  (     108)
         226    1.043929    2.584590  (     584)
         227    1.042370    2.584886  (     571)
         228    1.031477    2.584995  (     457)
         229    1.038727    2.585995  (     524)
         230    0.988930    2.586213  (     177)
         231    1.046104    2.586353  (     611)
         232    1.028285    2.586575  (     426)
         233    0.976175    2.586714  (     117)
         234    1.050793    2.587206  (     668)
         235    1.027679    2.587976  (     420)
         236    1.039524    2.588308  (     536)
         237    1.017122    2.589013  (     347)
         238    1.021140    2.590331  (     373)
         239    1.039911    2.590337  (     542)
         240    1.002448    2.590743  (     248)
         241    1.018105    2.592034  (     355)
         242    1.047054    2.592271  (     629)
         243    1.016330    2.593665  (     339)
         244    1.042072    2.593786  (     567)
         245    1.061275    2.593843  (     800)
         246    1.058390    2.594371  (     760)
         247    1.050876    2.594628  (     669)
         248    0.993292    2.594986  (     194)
         249    1.037790    2.595104  (     510)
         250    0.994677    2.595603  (     207)
         251    1.011409    2.596067  (     306)
         252    1.029754    2.596089  (     443)
         253    1.055291    2.596154  (     724)
         254    1.040496    2.596221  (     548)
         255    0.993307    2.596275  (     195)
         256    1.054972    2.596394  (     720)
         257    1.025283    2.596699  (     404)
         258    1.060807    2.597369  (     794)
         259    1.024251    2.597761  (     401)
         260    1.051551    2.597829  (     676)
         261    0.992651    2.598099  (     193)
         262    0.971349    2.598798  (      93)
         263    1.013638    2.598942  (     318)
         264    1.007311    2.599050  (     281)
         265    1.045431    2.599487  (     606)
         266    1.050621    2.600040  (     666)
         267    0.926974    2.600815  (      37)
         268    1.047835    2.600884  (     637)
         269    1.020153    2.601447  (     366)
         270    1.027781    2.602435  (     421)
         271    1.054813    2.602995  (     719)
         272    0.965128    2.603314  (      83)
         273    0.973113    2.603323  (     106)
         274    1.000817    2.603528  (     237)
         275    1.027868    2.603610  (     422)
         276    1.057461    2.603918  (     749)
         277    0.976476    2.603971  (     120)
         278    1.009432    2.604714  (     293)
         279    1.051478    2.604841  (     674)
         280    0.998423    2.605481  (     228)
         281    1.021728    2.606502  (     376)
         282    0.973742    2.606829  (     110)
         283    1.038597    2.608205  (     521)
         284    0.996114    2.608677  (     212)
         285    1.034168    2.609688  (     473)
         286    0.993420    2.610062  (     197)
         287    1.055394    2.610309  (     728)
         288    1.033553    2.610413  (     470)
         289    1.013162    2.610480  (     314)
         290    1.033448    2.611080  (     469)
         291    1.035738    2.611793  (     489)
         292    0.992506    2.611834  (     192)
         293    0.957678    2.612426  (      71)
         294    1.041973    2.612671  (     566)
         295    1.029087    2.612776  (     440)
         296    0.939969    2.615580  (      48)
         297    0.975830    2.615803  (     115)
         298    0.988421    2.616285  (     174)
         299    1.028072    2.616455  (     425)
         300    0.971259    2.617320  (      92)
         301    1.039209    2.618033  (     531)
         302    0.990837    2.618145  (     183)
         303    1.028374    2.619399  (     429)
         304    1.025966    2.619602  (     410)
         305    1.027578    2.619611  (     418)
         306    1.026971    2.619811  (     414)
         307    1.024267    2.619994  (     402)
         308    0.985217    2.620502  (     155)
         309    1.047157    2.621156  (     630)
         310    1.046614    2.622494  (     621)
         311    0.984082    2.622656  (     149)
         312    0.993471    2.622711  (     198)
         313    1.017102    2.622795  (     346)
         314    1.013555    2.623255  (     317)
         315    0.976302    2.624402  (     118)
         316    1.015239    2.626476  (     330)
         317    1.015021    2.626808  (     327)
         318    1.015425    2.627181  (     331)
         319    1.056835    2.627453  (     743)
         320    0.982196    2.627638  (     145)
         321    1.053720    2.628778  (     705)
         322    1.012883    2.629208  (     313)
         323    1.037155    2.629317  (     504)
         324    1.030591    2.629912  (     453)
         325    0.940903    2.630439  (      51)
         326    1.039029    2.630642  (     528)
         327    1.004019    2.631553  (     263)
         328    0.967495    2.632007  (      85)
         329    1.007184    2.632536  (     279)
         330    1.043854    2.632710  (     583)
         331    1.005627    2.633279  (     273)
         332    1.016934    2.633796  (     344)
         333    0.996710    2.634256  (     216)
         334    1.005505    2.634261  (     271)
         335    1.008468    2.634811  (     285)
         336    1.041121    2.635560  (     556)
         337    1.006021    2.636636  (     274)
         338    1.030275    2.637020  (     449)
         339    0.968207    2.637473  (      86)
         340    1.057379    2.638232  (     748)
         341    1.003397    2.639134  (     259)
         342    1.038109    2.640591  (     515)
         343    0.972272    2.640704  (     102)
         344    1.060192    2.640983  (     784)
         345    1.037312    2.642617  (     507)
         346    1.034890    2.642660  (     482)
         347    1.002140    2.643694  (     244)
         348    0.987961    2.644350  (     172)
         349    1.026352    2.644608  (     412)
         350    0.997811    2.644972  (     225)
         351    0.991648    2.645492  (     186)
         352    0.986291    2.645650  (     160)
         353    0.984764    2.646780  (     151)
         354    0.970332    2.647897  (      89)
         355    0.951195    2.648238  (      63)
         356    1.045226    2.649702  (     602)
         357    1.024875    2.649832  (     403)
         358    0.972448    2.651236  (     104)
         359    1.059725    2.652752  (     777)
         360    1.022409    2.653410  (     386)
         361    0.972147    2.654245  (      99)
         362    1.003324    2.654859  (     258)
         363    0.976405    2.655008  (     119)
         364    0.956151    2.656138  (      67)
         365    1.059731    2.656523  (     778)
         366    0.996890    2.657773  (     218)
         367    1.031922    2.658224  (     462)
         368    1.014124    2.658293  (     322)
         369    1.014876    2.658761  (     326)
         370    0.977301    2.666458  (     122)
         371    1.034847    2.667828  (     481)
         372    1.010559    2.668153  (     297)
         373    0.993861    2.668225  (     202)
         374    1.056669    2.671212  (     742)
         375    1.010017    2.679297  (     295)
         376    1.054542    2.680080  (     715)
         377    1.015536    2.680211  (     333)
         378    1.035946    2.682355  (     491)
         379    0.995551    2.685210  (     211)
         380    1.013860    2.685278  (     321)
         381    1.043624    2.685613  (     579)
         382    0.956348    2.686014  (      68)
         383    1.026478    2.687237  (     413)
         384    0.991284    2.689124  (     184)
         385    1.056318    2.689362  (     738)
         386    1.049971    2.689460  (     655)
         387    1.008883    2.691178  (     288)
         388    1.021773    2.691437  (     377)
         389    1.017240    2.693738  (     349)
         390    1.051182    2.693748  (     672)
         391    0.987525    2.696302  (     170)
         392    0.971450    2.696962  (      96)
         393    0.991326    2.697056  (     185)
         394    1.049086    2.699418  (     646)
         395    0.987393    2.699601  (     166)
         396    1.009261    2.701693  (     292)
         397    1.020614    2.701723  (     370)
         398    0.995534    2.702054  (     210)
         399    0.972361    2.702547  (     103)
         400    1.046889    2.702816  (     626)
