Model_ID, [(c_i,i=0,n)_j,j=1,ntask]
           1    0.4798808791E+01   -0.2851727910E-01
           2    0.4865279219E+01   -0.3423886446E-01
           3    0.4761548426E+01   -0.3891375910E-02
           4   -0.9780587002E+01   -0.3248294087E+01
           5    0.1886122219E+02   -0.6031748637E+02
           6    0.4736566487E+01   -0.1744690953E-01
           7    0.8854884395E+01   -0.3263039063E-02
           8    0.4716396459E+01   -0.3394883188E-02
           9    0.4731649913E+01   -0.1629875230E-01
          10    0.5448657232E+01    0.1533267301E+01
          11    0.4821976631E+01    0.4492270812E+00
          12    0.8708101564E+01   -0.2176287790E+01
          13    0.8545731782E+01   -0.4355217572E-01
          14    0.6586419247E+01   -0.2391298242E-03
          15    0.5006809620E+01    0.7488860712E+03
          16    0.5013346401E+01    0.1980325691E+03
          17   -0.1039567764E+02    0.3526922428E+01
          18    0.5004588723E+01    0.2509943285E+02
          19    0.5009430941E+01    0.1367402299E+04
          20    0.5009338396E+01    0.3302763268E+02
          21    0.4692027427E+01   -0.3512663365E+00
          22    0.5010368399E+01    0.1050511849E+03
          23    0.8613850339E+01   -0.1417431447E-01
          24    0.5001590868E+01    0.4307473284E+01
          25    0.4988075921E+01    0.8394153806E+03
          26   -0.7508112945E-01    0.5765392900E+01
          27    0.5013027058E+01    0.4847769785E+03
          28    0.5013145596E+01    0.2496685792E+04
          29    0.4997351701E+01    0.4807126690E+03
          30    0.4963536924E+01    0.3478228572E+04
          31    0.5171790147E+01   -0.1063386614E-01
          32    0.4995454411E+01   -0.2202578120E+03
          33    0.4951711419E+01    0.2917544748E+04
          34    0.4987261254E+01    0.1026864576E+03
          35    0.5472104138E+01    0.6949913710E-03
          36    0.4784634366E+01   -0.1402561319E+01
          37    0.4948737901E+01    0.9785149788E+02
          38    0.4952838611E+01    0.1286693197E+03
          39    0.4953602632E+01    0.4092653441E+03
          40    0.4951896805E+01    0.1695246860E+02
          41    0.4941762791E+01    0.7503390109E+03
          42    0.4955182094E+01    0.1888691191E+04
          43    0.4967022334E+01    0.1970094544E+04
          44    0.4941898418E+01    0.1872617227E+04
          45    0.4685073734E+01   -0.6310660264E-02
          46    0.5339639371E+01   -0.1128861417E+00
          47    0.4924600690E+01    0.8000019081E+02
          48    0.4973524441E+01    0.3481833545E+02
          49    0.4672007283E+01   -0.3152243081E-01
          50    0.4935227757E+01    0.1878971600E+02
          51    0.8606554693E+01   -0.4430676701E-01
          52    0.4932740344E+01    0.4000692198E+03
          53    0.4950575039E+01    0.3399290970E+04
          54    0.6012473902E+01    0.2757144413E-02
          55    0.5866174793E+01    0.6442791889E-01
          56    0.4823749109E+01    0.2395841298E+00
          57    0.5265967806E+01    0.8824208603E+01
          58    0.4960529973E+01    0.9080913275E+03
          59    0.5134868426E+01   -0.3826171990E+02
          60    0.8588643734E+01   -0.4260631600E-01
          61    0.7894058498E+01   -0.8619562543E-02
          62    0.4949374756E+01    0.1138890794E+03
          63    0.8753901058E+01   -0.4451887567E-01
          64    0.4953720561E+01    0.1498538771E+03
          65    0.4732413609E+01    0.2410134169E-02
          66    0.8789477032E+01   -0.1113242751E+01
          67    0.4954891725E+01    0.4766036622E+03
          68    0.4711502766E+01    0.4328626529E+00
          69    0.4712277647E+01   -0.5309499271E+00
          70    0.5312456552E+01   -0.6112949481E+02
          71    0.1636768249E+02   -0.5370448869E-01
          72    0.4937610689E+01    0.1915038554E+02
          73    0.4958041775E+01    0.2198584591E+04
          74    0.4942848200E+01    0.2181783428E+04
          75    0.8801221583E+01    0.3829438551E+00
          76    0.4730452907E+01   -0.1461431236E-02
          77    0.4728498353E+01   -0.3163652984E+01
          78    0.8473946069E+01   -0.2943307258E+01
          79    0.5958036278E+01    0.3617600383E-03
          80    0.5451882434E+01   -0.1460760536E-01
          81    0.4761269020E+01    0.1394885533E-01
          82    0.4842601942E+01   -0.2544102904E+01
          83    0.4735516813E+01   -0.6055490801E+01
          84    0.4933670805E+01    0.4661701128E+03
          85    0.5106988504E+01   -0.6065577837E+00
          86    0.4735859634E+01   -0.1880487642E+02
          87    0.4666466806E+01   -0.3152481876E-01
          88    0.4709292110E+01   -0.2696799463E+00
          89    0.4720908883E+01   -0.7371653458E-02
          90    0.4679639538E+01   -0.2237449550E+02
          91    0.4685502435E+01   -0.1508192241E+00
          92    0.4729600421E+01   -0.4554337298E+00
          93    0.4831735248E+01   -0.5047160076E+00
          94    0.4727277429E+01   -0.1096952857E-01
          95    0.4730941175E+01   -0.3389793886E-01
          96    0.4711221003E+01   -0.6800406536E+00
          97    0.4774474613E+01   -0.1355164779E+01
          98    0.4780533102E+01   -0.9095201366E-02
          99    0.4794173357E+01   -0.6378040549E+01
         100    0.4652846585E+01   -0.1598392863E+00
         101    0.4673155488E+01   -0.7634016943E+00
         102    0.9093884080E+01    0.4512291461E+00
         103    0.4720286874E+01   -0.2295724755E+01
         104    0.5483345838E+01   -0.3268608472E+02
         105    0.5182518720E+01   -0.3761760384E-03
         106    0.8927457618E+01    0.3001550304E+01
         107    0.4722305175E+01    0.1109853860E-01
         108    0.4874619891E+01   -0.2658334915E+00
         109    0.4718990954E+01    0.5741053041E-02
         110    0.4774927489E+01   -0.4560296956E-01
         111    0.4725020807E+01   -0.6441649293E-01
         112    0.4724104936E+01   -0.1400873068E+03
         113    0.4735297700E+01   -0.3926238142E+00
         114    0.4862736796E+01    0.8173044349E+02
         115    0.5364075901E+01    0.2282200039E+01
         116    0.5292592021E+01   -0.1114418003E+01
         117    0.5343631728E+01    0.2990413066E+03
         118    0.5208774701E+01   -0.7735002763E-01
         119    0.4590668975E+01   -0.3494961312E+00
         120    0.5357099089E+01   -0.6603480221E+00
         121    0.5327451461E+01   -0.8136442062E-01
         122    0.5256447150E+01   -0.3823398481E-02
         123    0.4715279842E+01   -0.3232120571E+00
         124    0.5313892664E+01   -0.2025950786E-02
         125    0.5333037111E+01   -0.5459349111E-03
         126    0.5958286332E+01    0.4676881012E-04
         127    0.1090578809E+02   -0.1934419515E+00
         128    0.5344039798E+01   -0.3822790504E+00
         129    0.5252910771E+01   -0.8273204433E+01
         130    0.5244588222E+01    0.3108466189E+04
         131    0.4764826034E+01    0.1312206699E-02
         132    0.4872867286E+01    0.3937811624E+04
         133    0.5274938178E+01   -0.2721742693E-01
         134    0.5333083166E+01   -0.1411700311E-01
         135    0.4683132218E+01   -0.1739021134E+00
         136    0.5187945118E+01    0.1280990801E+04
         137    0.4744381511E+01    0.2458606222E+00
         138    0.4776016198E+01    0.1001807233E-01
         139    0.5657093632E+01   -0.4294296739E+01
         140    0.4877557099E+01   -0.4098211940E+00
         141    0.4768706067E+01   -0.1603482840E-03
         142    0.4751743819E+01    0.3486247809E-01
         143    0.5251367587E+01   -0.4034007953E-01
         144    0.4758778107E+01    0.1574425058E+00
         145    0.4660169718E+01   -0.3073090912E-01
         146    0.5076739071E+01    0.3269451290E+03
         147    0.4629769776E+01   -0.6057147183E-02
         148    0.5256966939E+01   -0.6606322860E-03
         149    0.4767976601E+01    0.4155568219E+00
         150    0.1039942618E+02    0.1740259711E+02
         151    0.5042092668E+01    0.1352863268E+03
         152    0.5228169543E+01   -0.3564064199E+00
         153    0.5162404152E+01   -0.2253008258E+01
         154    0.4769036363E+01    0.7095158770E-02
         155    0.4672249370E+01   -0.1431195381E+00
         156    0.5274889914E+01   -0.1891840429E+00
         157    0.4596494779E+01   -0.6675528359E+00
         158    0.5094482257E+01    0.3948206806E+03
         159    0.5329005359E+01   -0.9233915261E-02
         160    0.4615427406E+01   -0.3184696167E+01
         161    0.8556378019E+01   -0.2842815048E+00
         162    0.5061715646E+01    0.1638518963E+03
         163    0.5248710216E+01   -0.4212742221E-01
         164    0.4659703209E+01   -0.9556939206E+01
         165    0.4796394397E+01    0.5216452154E-01
         166    0.5243609980E+01   -0.4366630074E+00
         167    0.4636601813E+01   -0.5511345417E-04
         168    0.4621141443E+01   -0.1613852266E-01
         169    0.4620414712E+01   -0.1912266717E-02
         170    0.4757772812E+01    0.3156209985E-01
         171    0.4635365728E+01   -0.1200383594E+00
         172    0.4762717701E+01    0.5875503615E-01
         173    0.4565258636E+01   -0.4912256208E-01
         174    0.4617864345E+01   -0.1414285914E-02
         175    0.5083494036E+01    0.3021639112E+04
         176    0.5151001137E+01   -0.5898762587E+02
         177    0.4618260014E+01   -0.3095731753E+01
         178    0.1631944066E+02   -0.8032203406E+01
         179    0.5261491474E+01   -0.8935129631E+01
         180    0.4563924717E+01   -0.1622770041E-03
         181    0.4562652836E+01   -0.3515188431E+00
         182    0.5134137081E+01    0.1670123285E+04
         183    0.5051531783E+01    0.1254371598E+04
         184    0.4576395812E+01   -0.1150883783E+00
         185    0.4581979967E+01   -0.7755434058E-03
         186    0.4614034078E+01   -0.2778084143E-02
         187    0.5284153585E+01   -0.8805164786E-04
         188    0.4580582442E+01   -0.1680741688E+01
         189    0.4581726764E+01   -0.4565751229E-01
         190   -0.1555591352E+01    0.1245217421E+02
         191    0.5208312663E+01   -0.8882552051E-02
         192    0.4619910261E+01   -0.9693842837E-01
         193    0.4622051526E+01   -0.2700905967E-02
         194    0.4624749459E+01   -0.2338536889E-02
         195    0.4626636807E+01   -0.2060919465E-02
         196    0.5091316459E+01    0.6911935666E+03
         197    0.4623182368E+01   -0.5074849035E+01
         198    0.4635714606E+01   -0.1713255328E-01
         199    0.4602537930E+01   -0.3419550173E-02
         200    0.4632342756E+01   -0.2018011378E-02
         201    0.4560317014E+01    0.5145651706E-01
         202    0.4611349913E+01   -0.4298869730E+00
         203    0.4564222139E+01   -0.5057105680E-01
         204    0.5198574116E+01   -0.1314295465E+01
         205    0.4567926545E+01   -0.4970431116E-01
         206    0.4618620202E+01   -0.9744835646E-01
         207    0.4596770884E+01   -0.1566624713E+00
         208    0.4670068895E+01   -0.6959190061E-02
         209    0.5575765714E+01   -0.1102206365E+01
         210    0.4576603535E+01   -0.3586901715E+02
         211    0.4621263982E+01   -0.2610478333E-01
         212    0.4676371024E+01   -0.4671410507E-04
         213    0.4582149563E+01   -0.2417220253E+00
         214    0.5058666894E+01    0.2149740369E+03
         215    0.4674894645E+01   -0.1015865001E+00
         216    0.5088305491E+01    0.5177188179E+03
         217    0.4643591144E+01   -0.8439823139E-01
         218    0.4559333322E+01   -0.2104097240E+01
         219    0.4589523302E+01   -0.5077397167E-01
         220    0.9776225317E+01   -0.2827990080E+01
         221    0.4690759982E+01   -0.3277498409E-01
         222    0.8246095440E+01   -0.3021452324E+00
         223    0.4580606388E+01   -0.5627724132E-01
         224    0.4652696170E+01   -0.1272660359E+01
         225    0.4725031298E+01   -0.2640385724E-02
         226    0.4605936100E+01   -0.1810619527E+02
         227    0.4658391744E+01   -0.8536288932E-02
         228    0.4605014792E+01   -0.1532688993E+00
         229    0.4576891736E+01   -0.1006413023E+02
         230    0.5243631587E+01   -0.4074501269E-01
         231    0.4584341192E+01   -0.3403574833E-01
         232    0.4610924648E+01   -0.1031899414E-02
         233    0.5107062581E+01   -0.3857538920E+00
         234   -0.4037137822E+00    0.2157741941E+02
         235    0.4623945081E+01   -0.3328546876E-03
         236    0.4671340200E+01   -0.5978366410E+01
         237    0.4659033751E+01   -0.7906806902E-02
         238    0.4624675329E+01   -0.7292586559E+00
         239    0.8424364867E+01   -0.3032686080E+00
         240    0.4660595057E+01   -0.5960898956E-01
         241    0.4630772573E+01   -0.4906077297E-02
         242    0.4587180957E+01    0.8535889224E-01
         243    0.4707644006E+01   -0.4894136343E+00
         244    0.5520848768E+01    0.1375276807E+03
         245    0.5176051382E+01   -0.1839847679E-02
         246    0.4574556342E+01   -0.5071439466E+01
         247    0.5878184744E+01    0.9852429839E-01
         248    0.4766634883E+01   -0.4968357119E-01
         249    0.4608337882E+01   -0.1092738234E+01
         250    0.9220233725E+01   -0.8596170813E+00
         251    0.4644890630E+01   -0.3460724611E+01
         252    0.4602682188E+01   -0.5299524497E-01
         253    0.4580023026E+01   -0.3417160850E-01
         254    0.4583577554E+01   -0.2634340521E-01
         255    0.4735553319E+01   -0.1961248150E-01
         256    0.4562655232E+01    0.5202595457E-01
         257    0.4602950420E+01   -0.1752302966E-03
         258    0.4572324129E+01    0.1027503055E+00
         259    0.4601300083E+01   -0.3798339301E+00
         260    0.4579043705E+01   -0.7436976323E+02
         261    0.4680601703E+01   -0.2819842865E+00
         262    0.5143717267E+01    0.4145508216E+02
         263    0.4618661318E+01   -0.3041692028E+02
         264    0.4629134468E+01   -0.2989377878E-02
         265    0.5061481107E+01    0.3102918878E+02
         266    0.5277232144E+01    0.1488950936E+02
         267    0.5261011296E+01   -0.4212596451E+00
         268    0.5092296511E+01    0.7471747774E+02
         269    0.4616942691E+01   -0.4890471301E-01
         270    0.4697585196E+01   -0.1337882700E+01
         271    0.4556624082E+01   -0.2682991497E+01
         272    0.6042049697E+01    0.6233258902E-03
         273    0.5067732764E+01    0.2849270562E+02
         274    0.4669849852E+01   -0.2171943539E+01
         275    0.4735373789E+01    0.1765413230E-01
         276    0.4590758207E+01   -0.3252803753E-01
         277    0.5177309694E+01    0.9978387398E+02
         278    0.5113652948E+01    0.1370047964E+04
         279    0.4561921430E+01   -0.1808523471E-01
         280    0.4676142818E+01   -0.1458129924E-01
         281    0.5671470679E+01   -0.1049494337E+03
         282    0.5101560615E+01    0.6874217101E+02
         283    0.4583259881E+01    0.4907528067E-01
         284    0.5231297757E+01   -0.8616664115E+01
         285    0.4616421956E+01    0.1068826967E+00
         286    0.4690522153E+01   -0.1023370370E+02
         287    0.5557319546E+01    0.3636044946E-02
         288    0.4621860889E+01   -0.1029715498E+00
         289    0.4658501379E+01   -0.2191108029E-01
         290    0.4626639687E+01   -0.9926080969E-01
         291    0.4607483624E+01   -0.1309395567E-02
         292    0.5052897177E+01    0.3135821195E+04
         293    0.5329571488E+01   -0.3695747082E+00
         294    0.4576579008E+01    0.5464652026E-01
         295    0.4620916127E+01   -0.2244690662E+03
         296    0.1050907330E+02    0.2566482887E+01
         297    0.4724366801E+01   -0.8265420202E+00
         298    0.4669485627E+01   -0.6097094530E+00
         299    0.4610259165E+01   -0.3580780664E-01
         300    0.5154373550E+01    0.3274350998E+03
         301    0.4611506819E+01   -0.1584100562E+00
         302    0.5104192761E+01    0.3177561067E+04
         303    0.4599213668E+01    0.5571480181E-01
         304    0.4603121340E+01   -0.2266242331E+01
         305    0.4602748822E+01   -0.5468411606E-01
         306    0.4606068103E+01   -0.5367712041E-01
         307    0.4615964171E+01   -0.4306083354E+01
         308    0.4721332627E+01   -0.4258796092E-01
         309    0.4587886121E+01   -0.8157962361E-01
         310    0.5221941488E+01    0.8265264869E+01
         311    0.4727352364E+01   -0.2850492329E-03
         312    0.4705260415E+01   -0.2612160744E+02
         313    0.5143811202E+01    0.3289271887E+04
         314    0.4666570743E+01   -0.1019154179E+00
         315    0.5188686361E+01    0.7884781465E+03
         316    0.4627666914E+01   -0.5452830501E-01
         317    0.4666127636E+01   -0.3062407981E+00
         318    0.5457732271E+01    0.7787399004E+02
         319   -0.8504997294E+01    0.2952176371E+04
         320    0.4740832361E+01   -0.1986196020E+00
         321    0.4614312427E+01   -0.1426212967E-01
         322    0.4672277323E+01   -0.2055497202E-02
         323    0.4572846881E+01    0.1135687459E+00
         324   -0.1310127040E+01   -0.1889894979E+01
         325    0.5250627571E+01   -0.6841147625E+00
         326    0.5315447590E+01   -0.1819092255E+04
         327    0.5041091455E+01    0.6691108938E+03
         328    0.5319484735E+01   -0.5284501457E-03
         329    0.4671735962E+01   -0.4492111955E+01
         330    0.4616413066E+01   -0.3146723474E+02
         331    0.5072919451E+01    0.1612594617E+04
         332    0.4625358219E+01   -0.6141535201E-01
         333    0.5207337036E+01   -0.7436628320E-01
         334    0.4723150025E+01    0.1388892256E+00
         335    0.4686311849E+01   -0.1441887239E+01
         336    0.4591144610E+01   -0.4064736654E-02
         337    0.4646603730E+01   -0.1633655634E+00
         338    0.4663316085E+01   -0.1261787996E+00
         339    0.4769837277E+01   -0.1583792329E-01
         340    0.4563074774E+01   -0.1169466618E+00
         341    0.4652760559E+01   -0.1097289639E-02
         342    0.4600279622E+01   -0.7739616024E-02
         343    0.5314279552E+01   -0.7879949954E-01
         344    0.4587215638E+01   -0.2997236175E-03
         345    0.4584542644E+01    0.6197227090E-01
         346    0.4599042922E+01   -0.1684384964E+02
         347    0.5188453870E+01   -0.6694341944E-01
         348    0.4721138602E+01   -0.1171391840E+00
         349    0.4602226363E+01    0.5638503058E-01
         350    0.4666879253E+01   -0.7710327316E+00
         351    0.9021425424E+01   -0.3186243371E+00
         352    0.4704152903E+01   -0.6193160352E-01
         353    0.5142841624E+01   -0.1376133056E+00
         354    0.5150193655E+01    0.2261904634E+04
         355    0.5241454986E+01   -0.9782005171E-03
         356    0.4654953753E+01   -0.1340772022E+01
         357    0.9958924732E+01   -0.2561617920E+01
         358    0.5174887219E+01    0.1749452635E+03
         359    0.4571036710E+01   -0.1498370365E+00
         360    0.1713262304E+02   -0.5523821112E-01
         361    0.5141798568E+01    0.5442285170E+02
         362    0.8901201002E+01   -0.4232639970E+00
         363    0.5219001106E+01    0.4226672426E+03
         364    0.5236764518E+01   -0.1458719826E+00
         365    0.4586211182E+01    0.1313495006E+00
         366    0.4723005045E+01    0.5554956020E+00
         367    0.4621783549E+01    0.1091067174E+00
         368    0.4725086622E+01    0.7416946545E+00
         369    0.5212621900E+01    0.2733898201E+04
         370    0.5172241671E+01    0.1308780460E+03
         371    0.5243804743E+01   -0.3699799474E-02
         372    0.5170580197E+01    0.1517246980E+04
         373    0.5185004617E+01   -0.5770848895E-01
         374    0.7196926218E+01   -0.1084458033E+01
         375    0.5270397314E+01   -0.3467803944E-01
         376    0.4685579572E+01    0.4272340930E-01
         377    0.5177327772E+01   -0.6896658002E-02
         378    0.5242888403E+01   -0.8037683057E+01
         379    0.5225981368E+01   -0.8466504099E+02
         380    0.5283020395E+01   -0.2901583001E-03
         381    0.4617290333E+01    0.2922017764E+00
         382    0.4835905422E+01   -0.4683459985E-02
         383    0.1710008228E+02   -0.8273692696E+01
         384    0.5101862400E+01   -0.1585317942E-02
         385    0.8276755404E+01   -0.3079541330E+00
         386    0.7984593248E+01   -0.5482378650E-01
         387    0.5282320819E+01   -0.1102212024E+01
         388    0.5309400042E+01   -0.2031198693E-02
         389    0.5175514001E+01   -0.1496400929E+02
         390    0.4681672295E+01   -0.1147760578E-01
         391    0.5180294474E+01   -0.3683598080E+03
         392    0.5209451135E+01   -0.3070178731E+01
         393    0.5233150680E+01   -0.8918031899E+03
         394    0.5239716197E+01    0.3468133816E+03
         395    0.5133483823E+01    0.7935294452E+03
         396    0.5042479010E+01    0.7096233281E-02
         397    0.5126971973E+01   -0.7978608278E+01
         398    0.5207485184E+01   -0.2039764693E+01
         399    0.8520691842E+01   -0.1891014320E+02
         400    0.5297142285E+01    0.4160010572E+02
