     Index              y_true              y_pred        descriptor_1
         1    0.2271377974E+01    0.3661766974E+01    0.1425449261E-02
         2    0.1588008659E+01    0.3661766974E+01    0.1425449261E-02
         3    0.2209839639E+01    0.3661766974E+01    0.1425449261E-02
         4    0.2463148154E+01    0.3841511814E+01    0.1460309121E-02
         5    0.2329749567E+01    0.3841511814E+01    0.1460309121E-02
         6    0.2429485571E+01    0.3841511814E+01    0.1460309121E-02
         7    0.6244289053E+01    0.4061986597E+01    0.1503068179E-02
         8    0.4424606403E+01    0.4061986597E+01    0.1503068179E-02
         9    0.4468437780E+01    0.4061986597E+01    0.1503068179E-02
        10    0.6714303958E+01    0.4882018492E+01    0.1662105829E-02
        11    0.5011133502E+01    0.4882018492E+01    0.1662105829E-02
        12    0.2724903409E+01    0.4882018492E+01    0.1662105829E-02
        13    0.5539162781E+01    0.4251518950E+01    0.1539826237E-02
        14    0.4470408025E+01    0.4251518950E+01    0.1539826237E-02
        15    0.3854569041E+01    0.4251518950E+01    0.1539826237E-02
        16    0.5433290198E+01    0.5091605009E+01    0.1702753208E-02
        17    0.5986508388E+01    0.5091605009E+01    0.1702753208E-02
        18    0.1563619794E+01    0.3661766974E+01    0.1425449261E-02
        19    0.1964216946E+01    0.3661766974E+01    0.1425449261E-02
        20    0.1808413781E+01    0.3661766974E+01    0.1425449261E-02
        21    0.1960124213E+01    0.3841511814E+01    0.1460309121E-02
        22    0.2340015836E+01    0.3841511814E+01    0.1460309121E-02
        23    0.1879607244E+01    0.3841511814E+01    0.1460309121E-02
        24    0.4328128024E+01    0.2774117176E+01    0.1253297740E-02
        25    0.3626033808E+01    0.3343975587E+01    0.1363816542E-02
        26    0.4970470299E+01    0.6345371247E+01    0.1945909648E-02
        27    0.4463562762E+01    0.2932154228E+01    0.1283947574E-02
        28    0.4034214553E+01    0.3515948732E+01    0.1397169153E-02
        29    0.5483972841E+01    0.6590744570E+01    0.1993497549E-02
        30    0.6184184368E+01    0.4061986597E+01    0.1503068179E-02
        31    0.4315178502E+01    0.4061986597E+01    0.1503068179E-02
        32    0.4287108980E+01    0.4061986597E+01    0.1503068179E-02
        33    0.4627970425E+01    0.4251518950E+01    0.1539826237E-02
        34    0.4523332783E+01    0.4251518950E+01    0.1539826237E-02
        35    0.3576461963E+01    0.4251518950E+01    0.1539826237E-02
        36    0.6058052797E+01    0.4882018492E+01    0.1662105829E-02
        37    0.6013650450E+01    0.4882018492E+01    0.1662105829E-02
        38    0.5213692565E+01    0.4882018492E+01    0.1662105829E-02
        39    0.5816440504E+01    0.5091605009E+01    0.1702753208E-02
        40    0.5664073810E+01    0.5091605009E+01    0.1702753208E-02
        41    0.4602333652E+01    0.5091605009E+01    0.1702753208E-02
        42    0.4800734589E+01    0.6641713647E+01    0.2003382533E-02
        43    0.3988366624E+01    0.3963563883E+01    0.1483979998E-02
        44    0.3917392518E+01    0.3113698278E+01    0.1319156374E-02
        45    0.5599596850E+01    0.6894334124E+01    0.2052375953E-02
        46    0.4651035323E+01    0.4150689274E+01    0.1520271248E-02
        47    0.4346187420E+01    0.3280039905E+01    0.1351416804E-02
        48    0.4782409055E+01    0.6641713647E+01    0.2003382533E-02
        49    0.4771205320E+01    0.2761831489E+01    0.1250915044E-02
        50    0.5203527312E+01    0.3558652142E+01    0.1405451087E-02
        51    0.5337295524E+01    0.6590744570E+01    0.1993497549E-02
        52    0.6293181457E+01    0.4061986597E+01    0.1503068179E-02
        53    0.3887295424E+01    0.4061986597E+01    0.1503068179E-02
        54    0.3689597479E+01    0.4061986597E+01    0.1503068179E-02
        55    0.6645078972E+01    0.4882018492E+01    0.1662105829E-02
        56    0.5300603221E+01    0.4251518950E+01    0.1539826237E-02
        57    0.5030830694E+01    0.4251518950E+01    0.1539826237E-02
        58    0.5131545825E+01    0.4251518950E+01    0.1539826237E-02
        59    0.6523022301E+01    0.5091605009E+01    0.1702753208E-02
        60    0.5631049445E+01    0.5091605009E+01    0.1702753208E-02
        61    0.5307607378E+01    0.5091605009E+01    0.1702753208E-02
        62    0.4730528299E+01    0.5091605009E+01    0.1702753208E-02
        63    0.1605877655E+01    0.3661766974E+01    0.1425449261E-02
        64    0.2562581276E+01    0.3661766974E+01    0.1425449261E-02
        65    0.1423007374E+01    0.3661766974E+01    0.1425449261E-02
        66    0.1548754523E+01    0.3841511814E+01    0.1460309121E-02
        67    0.2497220519E+01    0.3841511814E+01    0.1460309121E-02
        68    0.2036421682E+01    0.3841511814E+01    0.1460309121E-02
        69    0.1696293082E+01    0.3661766974E+01    0.1425449261E-02
        70    0.2393978169E+01    0.3661766974E+01    0.1425449261E-02
        71    0.1842956209E+01    0.3661766974E+01    0.1425449261E-02
        72    0.2115742695E+01    0.3841511814E+01    0.1460309121E-02
        73    0.2324315410E+01    0.3841511814E+01    0.1460309121E-02
        74    0.6023370389E+01    0.4061986597E+01    0.1503068179E-02
        75    0.4537062608E+01    0.4061986597E+01    0.1503068179E-02
        76    0.3214799793E+01    0.4061986597E+01    0.1503068179E-02
        77    0.6375504982E+01    0.4882018492E+01    0.1662105829E-02
        78    0.6142036210E+01    0.4882018492E+01    0.1662105829E-02
        79    0.5432554827E+01    0.4882018492E+01    0.1662105829E-02
        80    0.5236543012E+01    0.4251518950E+01    0.1539826237E-02
        81    0.5417162109E+01    0.4251518950E+01    0.1539826237E-02
        82    0.6817073092E+01    0.5091605009E+01    0.1702753208E-02
        83    0.6398742919E+01    0.5091605009E+01    0.1702753208E-02
        84    0.7117395296E+01    0.5091605009E+01    0.1702753208E-02
        85    0.2341269868E+01    0.3661766974E+01    0.1425449261E-02
        86    0.1686086439E+01    0.3661766974E+01    0.1425449261E-02
        87    0.1962004355E+01    0.3661766974E+01    0.1425449261E-02
        88    0.2711951359E+01    0.3841511814E+01    0.1460309121E-02
        89    0.2042803707E+01    0.3841511814E+01    0.1460309121E-02
        90    0.2065608799E+01    0.3841511814E+01    0.1460309121E-02
        91    0.4551475838E+01    0.3385659604E+01    0.1371900774E-02
        92    0.4690470077E+01    0.2761831489E+01    0.1250915044E-02
        93    0.3520095171E+01    0.2969534035E+01    0.1291197044E-02
        94    0.4630992305E+01    0.3558652142E+01    0.1405451087E-02
        95    0.5290320619E+01    0.2919568094E+01    0.1281506609E-02
        96    0.4134395041E+01    0.3132350077E+01    0.1322773719E-02
        97    0.5969642723E+01    0.4061986597E+01    0.1503068179E-02
        98    0.4572972107E+01    0.4061986597E+01    0.1503068179E-02
        99    0.3516069293E+01    0.4061986597E+01    0.1503068179E-02
       100    0.4235459161E+01    0.4251518950E+01    0.1539826237E-02
       101    0.5355879366E+01    0.4251518950E+01    0.1539826237E-02
       102    0.6570992021E+01    0.4882018492E+01    0.1662105829E-02
       103    0.5594921286E+01    0.4882018492E+01    0.1662105829E-02
       104    0.6581941225E+01    0.4882018492E+01    0.1662105829E-02
       105    0.6347028560E+01    0.5091605009E+01    0.1702753208E-02
       106    0.5358477578E+01    0.5091605009E+01    0.1702753208E-02
       107    0.6194619891E+01    0.5091605009E+01    0.1702753208E-02
       108    0.4444378266E+01    0.4635625131E+01    0.1614320101E-02
       109    0.4410651530E+01    0.4343312348E+01    0.1557628723E-02
       110    0.4523354721E+01    0.4509427107E+01    0.1589845154E-02
       111    0.4072196491E+01    0.4839186011E+01    0.1653798863E-02
       112    0.4796419169E+01    0.4539724619E+01    0.1595721078E-02
       113    0.4767996235E+01    0.4709901772E+01    0.1628725373E-02
       114    0.4716535002E+01    0.4635625131E+01    0.1614320101E-02
       115    0.4535834564E+01    0.4343312348E+01    0.1557628723E-02
       116    0.4635133763E+01    0.4509427107E+01    0.1589845154E-02
       117    0.5004303233E+01    0.6894334124E+01    0.2052375953E-02
       118    0.4770044727E+01    0.2919568094E+01    0.1281506609E-02
       119    0.3961487736E+01    0.3132350077E+01    0.1322773719E-02
       120    0.6417723431E+01    0.4882018492E+01    0.1662105829E-02
       121    0.5867241689E+01    0.4061986597E+01    0.1503068179E-02
       122    0.4803881267E+01    0.4061986597E+01    0.1503068179E-02
       123    0.3905669365E+01    0.4061986597E+01    0.1503068179E-02
       124    0.6377828005E+01    0.4882018492E+01    0.1662105829E-02
       125    0.5937513434E+01    0.4882018492E+01    0.1662105829E-02
       126    0.3314447090E+01    0.4251518950E+01    0.1539826237E-02
       127    0.3768005716E+01    0.4251518950E+01    0.1539826237E-02
       128    0.3064709989E+01    0.4251518950E+01    0.1539826237E-02
       129    0.6830337149E+01    0.5091605009E+01    0.1702753208E-02
       130    0.5733969426E+01    0.5091605009E+01    0.1702753208E-02
       131    0.2126567246E+01    0.3661766974E+01    0.1425449261E-02
       132    0.1912019945E+01    0.3661766974E+01    0.1425449261E-02
       133    0.2030780700E+01    0.3661766974E+01    0.1425449261E-02
       134    0.2311684118E+01    0.3841511814E+01    0.1460309121E-02
       135    0.2172653965E+01    0.3841511814E+01    0.1460309121E-02
       136    0.2342079464E+01    0.3841511814E+01    0.1460309121E-02
       137    0.1997014787E+01    0.3661766974E+01    0.1425449261E-02
       138    0.2117075344E+01    0.3661766974E+01    0.1425449261E-02
       139    0.2768793192E+01    0.3841511814E+01    0.1460309121E-02
       140    0.1793038091E+01    0.3841511814E+01    0.1460309121E-02
       141    0.2870550432E+01    0.3841511814E+01    0.1460309121E-02
       142    0.6227888685E+01    0.4061986597E+01    0.1503068179E-02
       143    0.4806968304E+01    0.4061986597E+01    0.1503068179E-02
       144    0.5747555556E+01    0.4061986597E+01    0.1503068179E-02
       145    0.6633241997E+01    0.4882018492E+01    0.1662105829E-02
       146    0.5194494982E+01    0.4882018492E+01    0.1662105829E-02
       147    0.6382826490E+01    0.4882018492E+01    0.1662105829E-02
       148    0.3581515296E+01    0.4251518950E+01    0.1539826237E-02
       149    0.4029499195E+01    0.4251518950E+01    0.1539826237E-02
       150    0.5006098947E+01    0.4251518950E+01    0.1539826237E-02
       151    0.4357243335E+01    0.5091605009E+01    0.1702753208E-02
       152    0.5238300818E+01    0.5091605009E+01    0.1702753208E-02
       153    0.5675460698E+01    0.5091605009E+01    0.1702753208E-02
       154    0.1679042179E+01    0.3661766974E+01    0.1425449261E-02
       155    0.2395729642E+01    0.3661766974E+01    0.1425449261E-02
       156    0.1737415858E+01    0.3661766974E+01    0.1425449261E-02
       157    0.1917367094E+01    0.3841511814E+01    0.1460309121E-02
       158    0.2754131480E+01    0.3841511814E+01    0.1460309121E-02
       159    0.2027842007E+01    0.3841511814E+01    0.1460309121E-02
       160    0.4813046074E+01    0.6641713647E+01    0.2003382533E-02
       161    0.3974776421E+01    0.3963563883E+01    0.1483979998E-02
       162    0.3920541969E+01    0.3113698278E+01    0.1319156374E-02
       163    0.5071202015E+01    0.6894334124E+01    0.2052375953E-02
       164    0.4598321610E+01    0.4150689274E+01    0.1520271248E-02
       165    0.4346024058E+01    0.3280039905E+01    0.1351416804E-02
       166    0.6127085940E+01    0.4061986597E+01    0.1503068179E-02
       167    0.4754208319E+01    0.4061986597E+01    0.1503068179E-02
       168    0.5646512711E+01    0.4061986597E+01    0.1503068179E-02
       169    0.5184954822E+01    0.4251518950E+01    0.1539826237E-02
       170    0.3623681847E+01    0.4251518950E+01    0.1539826237E-02
       171    0.4360052348E+01    0.4251518950E+01    0.1539826237E-02
       172    0.5300369123E+01    0.4882018492E+01    0.1662105829E-02
       173    0.6305918995E+01    0.4882018492E+01    0.1662105829E-02
       174    0.5745542000E+01    0.4882018492E+01    0.1662105829E-02
       175    0.4578679480E+01    0.5091605009E+01    0.1702753208E-02
       176    0.7231217800E+01    0.5091605009E+01    0.1702753208E-02
       177    0.5253120612E+01    0.5091605009E+01    0.1702753208E-02
       178    0.4470730484E+01    0.2774117176E+01    0.1253297740E-02
       179    0.3034834171E+01    0.3343975587E+01    0.1363816542E-02
       180    0.5092112133E+01    0.6345371247E+01    0.1945909648E-02
       181    0.4471742401E+01    0.2932154228E+01    0.1283947574E-02
       182    0.3922537798E+01    0.3515948732E+01    0.1397169153E-02
       183    0.5340951144E+01    0.6590744570E+01    0.1993497549E-02
       184    0.4458777006E+01    0.2774117176E+01    0.1253297740E-02
       185    0.4098065208E+01    0.3343975587E+01    0.1363816542E-02
       186    0.5153421153E+01    0.6345371247E+01    0.1945909648E-02
       187    0.4966878690E+01    0.4839186011E+01    0.1653798863E-02
       188    0.4624259039E+01    0.4539724619E+01    0.1595721078E-02
       189    0.4582592154E+01    0.4150689274E+01    0.1520271248E-02
       190    0.4424409886E+01    0.3280039905E+01    0.1351416804E-02
       191    0.4342834041E+01    0.4061986597E+01    0.1503068179E-02
       192    0.5383132905E+01    0.4061986597E+01    0.1503068179E-02
       193    0.4879111126E+01    0.4882018492E+01    0.1662105829E-02
       194    0.5759951723E+01    0.4882018492E+01    0.1662105829E-02
       195    0.5522228129E+01    0.4882018492E+01    0.1662105829E-02
       196    0.5253460151E+01    0.4882018492E+01    0.1662105829E-02
       197    0.5623999412E+01    0.4251518950E+01    0.1539826237E-02
       198    0.4865340660E+01    0.4251518950E+01    0.1539826237E-02
       199    0.3539576278E+01    0.4251518950E+01    0.1539826237E-02
       200    0.6825937572E+01    0.5091605009E+01    0.1702753208E-02
       201    0.2145794566E+01    0.3661766974E+01    0.1425449261E-02
       202    0.1792878429E+01    0.3661766974E+01    0.1425449261E-02
       203    0.1941259428E+01    0.3841511814E+01    0.1460309121E-02
       204    0.2275744716E+01    0.3841511814E+01    0.1460309121E-02
       205    0.2017324425E+01    0.3841511814E+01    0.1460309121E-02
       206    0.1561346295E+01    0.3661766974E+01    0.1425449261E-02
       207    0.1890096978E+01    0.3661766974E+01    0.1425449261E-02
       208    0.1710174949E+01    0.3661766974E+01    0.1425449261E-02
       209    0.1733889322E+01    0.3841511814E+01    0.1460309121E-02
       210    0.2403405864E+01    0.3841511814E+01    0.1460309121E-02
       211    0.1789979678E+01    0.3841511814E+01    0.1460309121E-02
       212    0.2944220046E+01    0.4061986597E+01    0.1503068179E-02
       213    0.5213365605E+01    0.4061986597E+01    0.1503068179E-02
       214    0.5790689290E+01    0.4061986597E+01    0.1503068179E-02
       215    0.5600769939E+01    0.4882018492E+01    0.1662105829E-02
       216    0.3947450403E+01    0.4882018492E+01    0.1662105829E-02
       217    0.6093392542E+01    0.4882018492E+01    0.1662105829E-02
       218    0.6210243103E+01    0.4251518950E+01    0.1539826237E-02
       219    0.5007630856E+01    0.4251518950E+01    0.1539826237E-02
       220    0.3258692407E+01    0.4251518950E+01    0.1539826237E-02
       221    0.7079493120E+01    0.5091605009E+01    0.1702753208E-02
       222    0.5539232561E+01    0.5091605009E+01    0.1702753208E-02
       223    0.4427263342E+01    0.5091605009E+01    0.1702753208E-02
       224    0.1675662958E+01    0.3661766974E+01    0.1425449261E-02
       225    0.1911851995E+01    0.3661766974E+01    0.1425449261E-02
       226    0.2074058710E+01    0.3661766974E+01    0.1425449261E-02
       227    0.1889694579E+01    0.3841511814E+01    0.1460309121E-02
       228    0.2235089544E+01    0.3841511814E+01    0.1460309121E-02
       229    0.2391718901E+01    0.3841511814E+01    0.1460309121E-02
       230    0.4551678031E+01    0.4635625131E+01    0.1614320101E-02
       231    0.4407790320E+01    0.4343312348E+01    0.1557628723E-02
       232    0.4394605061E+01    0.4509427107E+01    0.1589845154E-02
       233    0.4872036601E+01    0.4839186011E+01    0.1653798863E-02
       234    0.5071959079E+01    0.4539724619E+01    0.1595721078E-02
       235    0.5136135176E+01    0.4709901772E+01    0.1628725373E-02
       236    0.3197944428E+01    0.4061986597E+01    0.1503068179E-02
       237    0.5059853658E+01    0.4061986597E+01    0.1503068179E-02
       238    0.5342680175E+01    0.4061986597E+01    0.1503068179E-02
       239    0.3197498319E+01    0.4251518950E+01    0.1539826237E-02
       240    0.3767598455E+01    0.4251518950E+01    0.1539826237E-02
       241    0.2815691735E+01    0.4251518950E+01    0.1539826237E-02
       242    0.6867468069E+01    0.4882018492E+01    0.1662105829E-02
       243    0.5333658689E+01    0.4882018492E+01    0.1662105829E-02
       244    0.5209025640E+01    0.4882018492E+01    0.1662105829E-02
       245    0.6603191803E+01    0.5091605009E+01    0.1702753208E-02
       246    0.5005655022E+01    0.5091605009E+01    0.1702753208E-02
       247    0.6215337862E+01    0.5091605009E+01    0.1702753208E-02
       248    0.4410789617E+01    0.3385659604E+01    0.1371900774E-02
       249    0.4728994418E+01    0.2761831489E+01    0.1250915044E-02
       250    0.3070247734E+01    0.2969534035E+01    0.1291197044E-02
       251    0.5612002702E+01    0.3558652142E+01    0.1405451087E-02
       252    0.4928066065E+01    0.2919568094E+01    0.1281506609E-02
       253    0.4182844139E+01    0.3132350077E+01    0.1322773719E-02
       254    0.4785902940E+01    0.3385659604E+01    0.1371900774E-02
       255    0.3827384573E+01    0.2969534035E+01    0.1291197044E-02
       256    0.4551067419E+01    0.2932154228E+01    0.1283947574E-02
       257    0.4312652488E+01    0.3515948732E+01    0.1397169153E-02
       258    0.4742742945E+01    0.4709901772E+01    0.1628725373E-02
       259    0.3630109062E+01    0.4061986597E+01    0.1503068179E-02
       260    0.4515987635E+01    0.4061986597E+01    0.1503068179E-02
       261    0.5674093832E+01    0.4061986597E+01    0.1503068179E-02
       262    0.6365433187E+01    0.4882018492E+01    0.1662105829E-02
       263    0.5661587764E+01    0.4882018492E+01    0.1662105829E-02
       264    0.4816504628E+01    0.4882018492E+01    0.1662105829E-02
       265    0.5613111015E+01    0.4251518950E+01    0.1539826237E-02
       266    0.4449904893E+01    0.4251518950E+01    0.1539826237E-02
       267    0.4607507529E+01    0.5091605009E+01    0.1702753208E-02
       268    0.7271891038E+01    0.5091605009E+01    0.1702753208E-02
       269    0.6314310967E+01    0.5091605009E+01    0.1702753208E-02
       270    0.2328544331E+01    0.3661766974E+01    0.1425449261E-02
       271    0.1347678248E+01    0.3661766974E+01    0.1425449261E-02
       272    0.2476369027E+01    0.3661766974E+01    0.1425449261E-02
       273    0.2654117169E+01    0.3841511814E+01    0.1460309121E-02
       274    0.2043230623E+01    0.3841511814E+01    0.1460309121E-02
       275    0.2579341907E+01    0.3841511814E+01    0.1460309121E-02
