     Index              y_true              y_pred        descriptor_1
         1    0.2271377974E+01    0.3645510053E+01   -0.4529829794E+01
         2    0.1588008659E+01    0.3793307381E+01   -0.4455409970E+01
         3    0.2209839639E+01    0.3808060644E+01   -0.4447981316E+01
         4    0.2463148154E+01    0.3704789175E+01   -0.4499981204E+01
         5    0.2329749567E+01    0.3589277271E+01   -0.4558144472E+01
         6    0.2429485571E+01    0.3696857417E+01   -0.4503975052E+01
         7    0.6244289053E+01    0.4092615564E+01   -0.4304700464E+01
         8    0.4424606403E+01    0.4082127182E+01   -0.4309981639E+01
         9    0.4468437780E+01    0.4032183810E+01   -0.4335129434E+01
        10    0.6714303958E+01    0.5002919555E+01   -0.3846338573E+01
        11    0.5011133502E+01    0.4847468637E+01   -0.3924612180E+01
        12    0.2724903409E+01    0.4990062609E+01   -0.3852812382E+01
        13    0.5539162781E+01    0.4086428392E+01   -0.4307815867E+01
        14    0.4470408025E+01    0.3991839833E+01   -0.4355443683E+01
        15    0.3854569041E+01    0.4014588995E+01   -0.4343988884E+01
        16    0.5433290198E+01    0.4900770058E+01   -0.3897773519E+01
        17    0.5986508388E+01    0.4861407201E+01   -0.3917593748E+01
        18    0.1563619794E+01    0.3659125395E+01   -0.4522974113E+01
        19    0.1964216946E+01    0.3583337429E+01   -0.4561135338E+01
        20    0.1808413781E+01    0.3577994515E+01   -0.4563825635E+01
        21    0.1960124213E+01    0.3549503615E+01   -0.4578171549E+01
        22    0.2340015836E+01    0.3658550477E+01   -0.4523263599E+01
        23    0.1879607244E+01    0.3601476231E+01   -0.4552001976E+01
        24    0.4328128024E+01    0.2768090900E+01   -0.4971633308E+01
        25    0.3626033808E+01    0.3359965539E+01   -0.4673608932E+01
        26    0.4970470299E+01    0.6558464941E+01   -0.3063080747E+01
        27    0.4463562762E+01    0.2941565273E+01   -0.4884284420E+01
        28    0.4034214553E+01    0.3516735904E+01   -0.4594670949E+01
        29    0.5483972841E+01    0.6500301191E+01   -0.3092367718E+01
        30    0.6184184368E+01    0.4098754089E+01   -0.4301609556E+01
        31    0.4315178502E+01    0.4016926878E+01   -0.4342811699E+01
        32    0.4287108980E+01    0.4038575901E+01   -0.4331910849E+01
        33    0.4627970425E+01    0.4052775107E+01   -0.4324761177E+01
        34    0.4523332783E+01    0.3947861470E+01   -0.4377587940E+01
        35    0.3576461963E+01    0.3972040801E+01   -0.4365413014E+01
        36    0.6058052797E+01    0.4966409223E+01   -0.3864722481E+01
        37    0.6013650450E+01    0.4817902664E+01   -0.3939499421E+01
        38    0.5213692565E+01    0.4841620271E+01   -0.3927556985E+01
        39    0.5816440504E+01    0.4949963343E+01   -0.3873003412E+01
        40    0.5664073810E+01    0.4779728862E+01   -0.3958720930E+01
        41    0.4602333652E+01    0.4830867891E+01   -0.3932971090E+01
        42    0.4800734589E+01    0.6598912844E+01   -0.3042714169E+01
        43    0.3988366624E+01    0.4151668305E+01   -0.4274965863E+01
        44    0.3917392518E+01    0.3029688367E+01   -0.4839912135E+01
        45    0.5599596850E+01    0.6392721784E+01   -0.3146536766E+01
        46    0.4651035323E+01    0.4023303720E+01   -0.4339600792E+01
        47    0.4346187420E+01    0.3164082680E+01   -0.4772241080E+01
        48    0.4782409055E+01    0.7013690270E+01   -0.2833862876E+01
        49    0.4771205320E+01    0.3467907274E+01   -0.4619257443E+01
        50    0.5203527312E+01    0.4162664077E+01   -0.4269429204E+01
        51    0.5337295524E+01    0.6754785419E+01   -0.2964228247E+01
        52    0.6293181457E+01    0.4064012763E+01   -0.4319102723E+01
        53    0.3887295424E+01    0.4066206234E+01   -0.4317998253E+01
        54    0.3689597479E+01    0.3947861470E+01   -0.4377587940E+01
        55    0.6645078972E+01    0.4886574347E+01   -0.3904921431E+01
        56    0.5300603221E+01    0.4019997495E+01   -0.4341265563E+01
        57    0.5030830694E+01    0.4112388403E+01   -0.4294744322E+01
        58    0.5131545825E+01    0.4171006664E+01   -0.4265228493E+01
        59    0.6523022301E+01    0.4848931985E+01   -0.3923875346E+01
        60    0.5631049445E+01    0.4868370767E+01   -0.3914087410E+01
        61    0.5307607378E+01    0.4918647174E+01   -0.3888771923E+01
        62    0.4730528299E+01    0.4897426281E+01   -0.3899457198E+01
        63    0.1605877655E+01    0.3610364885E+01   -0.4547526306E+01
        64    0.2562581276E+01    0.3678944712E+01   -0.4512994568E+01
        65    0.1423007374E+01    0.3822702206E+01   -0.4440608906E+01
        66    0.1548754523E+01    0.3590829847E+01   -0.4557362709E+01
        67    0.2497220519E+01    0.3815708897E+01   -0.4444130220E+01
        68    0.2036421682E+01    0.3701311761E+01   -0.4501732173E+01
        69    0.1696293082E+01    0.3650684497E+01   -0.4527224326E+01
        70    0.2393978169E+01    0.3689504460E+01   -0.4507677458E+01
        71    0.1842956209E+01    0.3864208292E+01   -0.4419709505E+01
        72    0.2115742695E+01    0.3668071273E+01   -0.4518469629E+01
        73    0.2324315410E+01    0.3640435614E+01   -0.4532384907E+01
        74    0.6023370389E+01    0.4079980126E+01   -0.4311062738E+01
        75    0.4537062608E+01    0.3949346382E+01   -0.4376840248E+01
        76    0.3214799793E+01    0.3947861470E+01   -0.4377587940E+01
        77    0.6375504982E+01    0.4948148321E+01   -0.3873917323E+01
        78    0.6142036210E+01    0.4880918742E+01   -0.3907769176E+01
        79    0.5432554827E+01    0.4901464514E+01   -0.3897423842E+01
        80    0.5236543012E+01    0.4073562652E+01   -0.4314294104E+01
        81    0.5417162109E+01    0.4075061231E+01   -0.4313539530E+01
        82    0.6817073092E+01    0.4962833099E+01   -0.3866523153E+01
        83    0.6398742919E+01    0.4991189263E+01   -0.3852245082E+01
        84    0.7117395296E+01    0.4921841463E+01   -0.3887163515E+01
        85    0.2341269868E+01    0.3616936277E+01   -0.4544217438E+01
        86    0.1686086439E+01    0.3760607685E+01   -0.4471875123E+01
        87    0.1962004355E+01    0.3783399116E+01   -0.4460399041E+01
        88    0.2711951359E+01    0.3666510824E+01   -0.4519255356E+01
        89    0.2042803707E+01    0.3569858636E+01   -0.4567922263E+01
        90    0.2065608799E+01    0.3773096408E+01   -0.4465586724E+01
        91    0.4551475838E+01    0.3757271280E+01   -0.4473555090E+01
        92    0.4690470077E+01    0.3037445423E+01   -0.4836006254E+01
        93    0.3520095171E+01    0.2845165836E+01   -0.4932824060E+01
        94    0.4630992305E+01    0.3611729140E+01   -0.4546839368E+01
        95    0.5290320619E+01    0.3208090449E+01   -0.4750082016E+01
        96    0.4134395041E+01    0.3000109081E+01   -0.4854806080E+01
        97    0.5969642723E+01    0.4047617095E+01   -0.4327358371E+01
        98    0.4572972107E+01    0.3947861470E+01   -0.4377587940E+01
        99    0.3516069293E+01    0.3950300753E+01   -0.4376359697E+01
       100    0.4235459161E+01    0.4060136295E+01   -0.4321054626E+01
       101    0.5355879366E+01    0.4028753161E+01   -0.4336856856E+01
       102    0.6570992021E+01    0.4982425572E+01   -0.3856657830E+01
       103    0.5594921286E+01    0.4824328440E+01   -0.3936263875E+01
       104    0.6581941225E+01    0.4864125763E+01   -0.3916224881E+01
       105    0.6347028560E+01    0.4858546547E+01   -0.3919034162E+01
       106    0.5358477578E+01    0.4871499838E+01   -0.3912511841E+01
       107    0.6194619891E+01    0.4873261117E+01   -0.3911624991E+01
       108    0.4444378266E+01    0.5086150995E+01   -0.3804429364E+01
       109    0.4410651530E+01    0.4706520799E+01   -0.3995583106E+01
       110    0.4523354721E+01    0.4879271456E+01   -0.3908598628E+01
       111    0.4072196491E+01    0.4894546391E+01   -0.3900907298E+01
       112    0.4796419169E+01    0.4943258419E+01   -0.3876379517E+01
       113    0.4767996235E+01    0.4995252033E+01   -0.3850199371E+01
       114    0.4716535002E+01    0.5595063638E+01   -0.3548178525E+01
       115    0.4535834564E+01    0.5291416868E+01   -0.3701072623E+01
       116    0.4635133763E+01    0.5386801493E+01   -0.3653043967E+01
       117    0.5004303233E+01    0.7025656770E+01   -0.2827837430E+01
       118    0.4770044727E+01    0.3702832991E+01   -0.4500966194E+01
       119    0.3961487736E+01    0.3267749796E+01   -0.4720041973E+01
       120    0.6417723431E+01    0.5034614924E+01   -0.3830379125E+01
       121    0.5867241689E+01    0.4109787972E+01   -0.4296053707E+01
       122    0.4803881267E+01    0.3947861470E+01   -0.4377587940E+01
       123    0.3905669365E+01    0.3947861470E+01   -0.4377587940E+01
       124    0.6377828005E+01    0.5202123116E+01   -0.3746034365E+01
       125    0.5937513434E+01    0.4984923446E+01   -0.3855400085E+01
       126    0.3314447090E+01    0.4056799126E+01   -0.4322734978E+01
       127    0.3768005716E+01    0.3955968028E+01   -0.4373506076E+01
       128    0.3064709989E+01    0.3947904634E+01   -0.4377566206E+01
       129    0.6830337149E+01    0.4975590424E+01   -0.3860099506E+01
       130    0.5733969426E+01    0.4826836496E+01   -0.3935001003E+01
       131    0.2126567246E+01    0.3747766464E+01   -0.4478341014E+01
       132    0.1912019945E+01    0.3588265875E+01   -0.4558653736E+01
       133    0.2030780700E+01    0.3697123713E+01   -0.4503840965E+01
       134    0.2311684118E+01    0.3721280425E+01   -0.4491677428E+01
       135    0.2172653965E+01    0.3578322831E+01   -0.4563660319E+01
       136    0.2342079464E+01    0.3719915711E+01   -0.4492364597E+01
       137    0.1997014787E+01    0.3718921918E+01   -0.4492864998E+01
       138    0.2117075344E+01    0.3634664579E+01   -0.4535290774E+01
       139    0.2768793192E+01    0.3736808092E+01   -0.4483858841E+01
       140    0.1793038091E+01    0.3622410164E+01   -0.4541461193E+01
       141    0.2870550432E+01    0.3771464759E+01   -0.4466408302E+01
       142    0.6227888685E+01    0.4062343708E+01   -0.4319943136E+01
       143    0.4806968304E+01    0.4040073484E+01   -0.4331156777E+01
       144    0.5747555556E+01    0.4032387947E+01   -0.4335026646E+01
       145    0.6633241997E+01    0.4976961055E+01   -0.3859409357E+01
       146    0.5194494982E+01    0.4845629701E+01   -0.3925538132E+01
       147    0.6382826490E+01    0.4888239085E+01   -0.3904083192E+01
       148    0.3581515296E+01    0.4055279076E+01   -0.4323500363E+01
       149    0.4029499195E+01    0.3962324595E+01   -0.4370305378E+01
       150    0.5006098947E+01    0.4147429673E+01   -0.4277100125E+01
       151    0.4357243335E+01    0.4830460290E+01   -0.3933176328E+01
       152    0.5238300818E+01    0.4964842726E+01   -0.3865511253E+01
       153    0.5675460698E+01    0.4977080011E+01   -0.3859349460E+01
       154    0.1679042179E+01    0.3663781722E+01   -0.4520629530E+01
       155    0.2395729642E+01    0.3610466274E+01   -0.4547475254E+01
       156    0.1737415858E+01    0.3832129158E+01   -0.4435862189E+01
       157    0.1917367094E+01    0.3603090427E+01   -0.4551189186E+01
       158    0.2754131480E+01    0.3780354577E+01   -0.4461932046E+01
       159    0.2027842007E+01    0.3589463992E+01   -0.4558050453E+01
       160    0.4813046074E+01    0.6698998442E+01   -0.2992318450E+01
       161    0.3974776421E+01    0.4302782612E+01   -0.4198875853E+01
       162    0.3920541969E+01    0.3158622084E+01   -0.4774990633E+01
       163    0.5071202015E+01    0.6767971750E+01   -0.2957588584E+01
       164    0.4598321610E+01    0.4463346065E+01   -0.4118027951E+01
       165    0.4346024058E+01    0.3491465898E+01   -0.4607395059E+01
       166    0.6127085940E+01    0.4052610873E+01   -0.4324843873E+01
       167    0.4754208319E+01    0.3992566593E+01   -0.4355077740E+01
       168    0.5646512711E+01    0.4002753587E+01   -0.4349948322E+01
       169    0.5184954822E+01    0.3961021896E+01   -0.4370961321E+01
       170    0.3623681847E+01    0.3947861470E+01   -0.4377587940E+01
       171    0.4360052348E+01    0.4126595114E+01   -0.4287590871E+01
       172    0.5300369123E+01    0.4838515019E+01   -0.3929120561E+01
       173    0.6305918995E+01    0.5086642522E+01   -0.3804181867E+01
       174    0.5745542000E+01    0.5024777358E+01   -0.3835332597E+01
       175    0.4578679480E+01    0.4831972958E+01   -0.3932414660E+01
       176    0.7231217800E+01    0.4918607234E+01   -0.3888792034E+01
       177    0.5253120612E+01    0.4953526870E+01   -0.3871209083E+01
       178    0.4470730484E+01    0.2599132063E+01   -0.5056708506E+01
       179    0.3034834171E+01    0.3333229156E+01   -0.4687071401E+01
       180    0.5092112133E+01    0.6533980608E+01   -0.3075409250E+01
       181    0.4471742401E+01    0.2620416201E+01   -0.5045991385E+01
       182    0.3922537798E+01    0.3323882129E+01   -0.4691777874E+01
       183    0.5340951144E+01    0.6576508631E+01   -0.3053995277E+01
       184    0.4458777006E+01    0.3162564358E+01   -0.4773005595E+01
       185    0.4098065208E+01    0.3620419838E+01   -0.4542463374E+01
       186    0.5153421153E+01    0.6845848972E+01   -0.2918375364E+01
       187    0.4966878690E+01    0.5613987690E+01   -0.3538649769E+01
       188    0.4624259039E+01    0.5532129712E+01   -0.3579867404E+01
       189    0.4582592154E+01    0.4791666495E+01   -0.3952710019E+01
       190    0.4424409886E+01    0.3762564862E+01   -0.4470889633E+01
       191    0.4342834041E+01    0.4001172575E+01   -0.4350744403E+01
       192    0.5383132905E+01    0.3987429722E+01   -0.4357664289E+01
       193    0.4879111126E+01    0.4876460144E+01   -0.3910014197E+01
       194    0.5759951723E+01    0.4843474693E+01   -0.3926623235E+01
       195    0.5522228129E+01    0.4845186580E+01   -0.3925761255E+01
       196    0.5253460151E+01    0.5219771094E+01   -0.3737148146E+01
       197    0.5623999412E+01    0.4019687626E+01   -0.4341421590E+01
       198    0.4865340660E+01    0.4200792648E+01   -0.4250230470E+01
       199    0.3539576278E+01    0.3988560323E+01   -0.4357095002E+01
       200    0.6825937572E+01    0.4971541691E+01   -0.3862138149E+01
       201    0.2145794566E+01    0.3607928948E+01   -0.4548752864E+01
       202    0.1792878429E+01    0.3568290604E+01   -0.4568711808E+01
       203    0.1941259428E+01    0.3636369660E+01   -0.4534432221E+01
       204    0.2275744716E+01    0.3709213152E+01   -0.4497753616E+01
       205    0.2017324425E+01    0.3589689349E+01   -0.4557936980E+01
       206    0.1561346295E+01    0.3678328972E+01   -0.4513304609E+01
       207    0.1890096978E+01    0.3641160716E+01   -0.4532019799E+01
       208    0.1710174949E+01    0.3608710487E+01   -0.4548359339E+01
       209    0.1733889322E+01    0.3623354287E+01   -0.4540985802E+01
       210    0.2403405864E+01    0.3761875321E+01   -0.4471236835E+01
       211    0.1789979678E+01    0.3643687194E+01   -0.4530747651E+01
       212    0.2944220046E+01    0.3947861470E+01   -0.4377587940E+01
       213    0.5213365605E+01    0.4032962908E+01   -0.4334737138E+01
       214    0.5790689290E+01    0.4191876679E+01   -0.4254719894E+01
       215    0.5600769939E+01    0.4904484856E+01   -0.3895903021E+01
       216    0.3947450403E+01    0.4956212136E+01   -0.3869856981E+01
       217    0.6093392542E+01    0.5004417892E+01   -0.3845584121E+01
       218    0.6210243103E+01    0.4085707774E+01   -0.4308178717E+01
       219    0.5007630856E+01    0.4146639164E+01   -0.4277498167E+01
       220    0.3258692407E+01    0.3951743997E+01   -0.4375632986E+01
       221    0.7079493120E+01    0.4943424593E+01   -0.3876295844E+01
       222    0.5539232561E+01    0.4797955876E+01   -0.3949543151E+01
       223    0.4427263342E+01    0.4834281571E+01   -0.3931252213E+01
       224    0.1675662958E+01    0.3673296058E+01   -0.4515838813E+01
       225    0.1911851995E+01    0.3542483394E+01   -0.4581706414E+01
       226    0.2074058710E+01    0.3608933647E+01   -0.4548246972E+01
       227    0.1889694579E+01    0.3682561159E+01   -0.4511173592E+01
       228    0.2235089544E+01    0.3526525366E+01   -0.4589741699E+01
       229    0.2391718901E+01    0.3630077054E+01   -0.4537600713E+01
       230    0.4551678031E+01    0.5286116879E+01   -0.3703741306E+01
       231    0.4407790320E+01    0.4969539507E+01   -0.3863146301E+01
       232    0.4394605061E+01    0.5050477410E+01   -0.3822391948E+01
       233    0.4872036601E+01    0.5277429613E+01   -0.3708115572E+01
       234    0.5071959079E+01    0.5105942409E+01   -0.3794463869E+01
       235    0.5136135176E+01    0.5229056817E+01   -0.3732472541E+01
       236    0.3197944428E+01    0.3950842264E+01   -0.4376087032E+01
       237    0.5059853658E+01    0.4026228049E+01   -0.4338128316E+01
       238    0.5342680175E+01    0.4167375365E+01   -0.4267056947E+01
       239    0.3197498319E+01    0.4007524765E+01   -0.4347545909E+01
       240    0.3767598455E+01    0.4163142765E+01   -0.4269188172E+01
       241    0.2815691735E+01    0.3947861470E+01   -0.4377587940E+01
       242    0.6867468069E+01    0.5006640195E+01   -0.3844465133E+01
       243    0.5333658689E+01    0.4816108456E+01   -0.3940402852E+01
       244    0.5209025640E+01    0.5101991601E+01   -0.3796453204E+01
       245    0.6603191803E+01    0.4818871605E+01   -0.3939011534E+01
       246    0.5005655022E+01    0.4939617132E+01   -0.3878213000E+01
       247    0.6215337862E+01    0.4915362540E+01   -0.3890425822E+01
       248    0.4410789617E+01    0.3688627126E+01   -0.4508119219E+01
       249    0.4728994418E+01    0.2668581089E+01   -0.5021739103E+01
       250    0.3070247734E+01    0.2826260988E+01   -0.4942343146E+01
       251    0.5612002702E+01    0.3358687441E+01   -0.4674252488E+01
       252    0.4928066065E+01    0.3121244587E+01   -0.4793811181E+01
       253    0.4182844139E+01    0.2825862556E+01   -0.4942543767E+01
       254    0.4785902940E+01    0.4090222606E+01   -0.4305905381E+01
       255    0.3827384573E+01    0.3116667036E+01   -0.4796116098E+01
       256    0.4551067419E+01    0.3265228156E+01   -0.4721311685E+01
       257    0.4312652488E+01    0.3771746899E+01   -0.4466266237E+01
       258    0.4742742945E+01    0.5506085027E+01   -0.3592981585E+01
       259    0.3630109062E+01    0.3967745582E+01   -0.4367575769E+01
       260    0.4515987635E+01    0.3947861470E+01   -0.4377587940E+01
       261    0.5674093832E+01    0.4243374452E+01   -0.4228789417E+01
       262    0.6365433187E+01    0.4957436454E+01   -0.3869240505E+01
       263    0.5661587764E+01    0.4844305796E+01   -0.3926204753E+01
       264    0.4816504628E+01    0.4878959984E+01   -0.3908755462E+01
       265    0.5613111015E+01    0.4080185428E+01   -0.4310959363E+01
       266    0.4449904893E+01    0.3947934441E+01   -0.4377551197E+01
       267    0.4607507529E+01    0.4896827955E+01   -0.3899758471E+01
       268    0.7271891038E+01    0.5076731187E+01   -0.3809172484E+01
       269    0.6314310967E+01    0.5079024773E+01   -0.3808017603E+01
       270    0.2328544331E+01    0.3716478456E+01   -0.4494095345E+01
       271    0.1347678248E+01    0.3753239659E+01   -0.4475585117E+01
       272    0.2476369027E+01    0.3847544831E+01   -0.4428099994E+01
       273    0.2654117169E+01    0.3778330620E+01   -0.4462951161E+01
       274    0.2043230623E+01    0.3658660956E+01   -0.4523207970E+01
       275    0.2579341907E+01    0.3819556932E+01   -0.4442192634E+01
