Formula Workfunction HoF E_Hull IP(M) IP(X) IP(T) EA(M) EA(X) EA(T) EN(M) EN(X) EN(T) Length(x) r-(M) r-(X) r-(T)
Hf3C2H2O2 2.271377974 -1.345951694 0.242879982 6.825 11.2603 13.017 0.178 1.262 1.827 1.3 2.55 2.82 330.4 82.9 59.6 41.4
Sc3C2H2O2 1.588008659 -1.199954296 0.452743884 6.5614 11.2603 13.017 0.189 1.262 1.827 1.36 2.55 2.82 335.0 53.9 59.6 41.4
W3C2H2O2 2.209839639 -0.317344146 0.473692689 7.98 11.2603 13.017 0.816 1.262 1.827 2.36 2.55 2.82 290.6 74.6 59.6 41.4
Mo3H2N2O2 2.463148154 -0.594738539 0.327053005 7.0942 14.5341 13.017 0.749 -0.07 1.827 2.16 3.04 2.82 285.0 70.2 48.8 41.4
Ti3H2N2O2 2.329749567 -1.597694312 0.163032588 6.8282 14.5341 13.017 0.087 -0.07 1.827 1.54 3.04 2.82 298.9 48.9 48.8 41.4
Zr3H2N2O2 2.429485571 -1.645322115 0.315790352 6.6339 14.5341 13.017 0.427 -0.07 1.827 1.33 3.04 2.82 320.40000000000003 79.0 48.8 41.4
Mn3C2F2 6.244289052999999 -0.755419649 0.290092153 7.434 11.2603 17.4228 -0.5 1.262 3.401 1.55 2.55 3.98 293.1 38.9 59.6 36.0
Ta3C2F2 4.424606403 -1.265524269 0.269073077 7.89 11.2603 17.4228 0.323 1.262 3.401 1.5 2.55 3.98 316.7 78.4 59.6 36.0
Y3C2F2 4.46843778 -1.715968012 0.168984853 6.217 11.2603 17.4228 0.308 1.262 3.401 1.22 2.55 3.98 348.9 86.5 59.6 36.0
Mn3C2O2 6.714303957999999 -0.407668344 0.386595308 7.434 11.2603 13.618 -0.5 1.262 1.439 1.55 2.55 3.44 288.2 38.9 59.6 41.4
Ta3C2O2 5.011133502 -1.397317972 0.1173341 7.89 11.2603 13.618 0.323 1.262 1.439 1.5 2.55 3.44 313.09999999999997 78.4 59.6 41.4
Y3C2O2 2.724903409 -1.569476414 0.364325407 6.217 11.2603 13.618 0.308 1.262 1.439 1.22 2.55 3.44 378.3 86.5 59.6 41.4
Mo3F2N2 5.539162781 -0.901248583 0.27769285 7.0942 14.5341 17.4228 0.749 -0.07 3.401 2.16 3.04 3.98 283.1 70.2 48.8 36.0
Ti3F2N2 4.470408025 -2.228438487 0.08813414300000001 6.8282 14.5341 17.4228 0.087 -0.07 3.401 1.54 3.04 3.98 298.3 48.9 48.8 36.0
Zr3F2N2 3.854569041 -2.283108467 0.13372424 6.6339 14.5341 17.4228 0.427 -0.07 3.401 1.33 3.04 3.98 318.5 79.0 48.8 36.0
Nb3N2O2 5.433290198 -1.616996772 0.209659096 6.7588 14.5341 13.618 0.894 -0.07 1.439 1.6 3.04 3.44 306.4 74.7 48.8 41.4
V3N2O2 5.986508388 -1.509284502 0.141477507 6.746 14.5341 13.618 0.526 -0.07 1.439 1.63 3.04 3.44 288.0 44.9 48.8 41.4
Cr4C3H2O2 1.563619794 -0.413045594 0.262213001 6.766 11.2603 13.017 0.6758 1.262 1.827 1.66 2.55 2.82 301.3 42.7 59.6 41.4
Nb4C3H2O2 1.964216946 -0.916306235 0.154598348 6.7588 11.2603 13.017 0.894 1.262 1.827 1.6 2.55 2.82 316.0 74.7 59.6 41.4
V4C3H2O2 1.808413781 -0.799695603 0.147011709 6.746 11.2603 13.017 0.526 1.262 1.827 1.63 2.55 2.82 296.09999999999997 44.9 59.6 41.4
Cr4H2N3O2 1.960124213 -0.7727359779999999 0.106556231 6.766 14.5341 13.017 0.6758 -0.07 1.827 1.66 3.04 2.82 302.59999999999997 42.7 48.8 41.4
Nb4H2N3O2 2.340015836 -1.122681166 0.261396652 6.7588 14.5341 13.017 0.894 -0.07 1.827 1.6 3.04 2.82 320.40000000000003 74.7 48.8 41.4
V4H2N3O2 1.879607244 -1.103983363 0.180354428 6.746 14.5341 13.017 0.526 -0.07 1.827 1.63 3.04 2.82 299.8 44.9 48.8 41.4
Hf3C2 4.328128024 -0.367620157 0.3618767000000001 6.825 11.2603 6.825 0.178 1.262 0.178 1.3 2.55 1.3 329.8 82.9 59.6 82.9
Sc3C2 3.626033808 -0.284050376 0.205291853 6.5614 11.2603 6.5614 0.189 1.262 0.189 1.36 2.55 1.36 337.2 53.9 59.6 53.9
W3C2 4.970470299 0.588552569 0.751129437 7.98 11.2603 7.98 0.816 1.262 0.816 2.36 2.55 2.36 289.29999999999995 74.6 59.6 74.6
Hf3N2 4.463562762 -0.8778091990000001 0.475430254 6.825 14.5341 6.825 0.178 -0.07 0.178 1.3 3.04 1.3 315.0 82.9 48.8 82.9
Sc3N2 4.034214553 -1.242464607 0.31264751 6.5614 14.5341 6.5614 0.189 -0.07 0.189 1.36 3.04 1.36 321.8 53.9 48.8 53.9
W3N2 5.483972841 0.5447464 0.682012185 7.98 14.5341 7.98 0.816 -0.07 0.816 2.36 3.04 2.36 280.79999999999995 74.6 48.8 74.6
Mn4C3F2 6.184184367999999 -0.521470042 0.302393969 7.434 11.2603 17.4228 -0.5 1.262 3.401 1.55 2.55 3.98 292.3 38.9 59.6 36.0
Ta4C3F2 4.315178502 -1.18920605 0.138409437 7.89 11.2603 17.4228 0.323 1.262 3.401 1.5 2.55 3.98 315.3 78.4 59.6 36.0
Y4C3F2 4.28710898 -1.363126768 0.181794822 6.217 11.2603 17.4228 0.308 1.262 3.401 1.22 2.55 3.98 355.79999999999995 86.5 59.6 36.0
Mo4F2N3 4.627970425 -0.8143606809999999 0.210250514 7.0942 14.5341 17.4228 0.749 -0.07 3.401 2.16 3.04 3.98 322.3 70.2 48.8 36.0
Ti4F2N3 4.523332783 -2.180332865 0.0 6.8282 14.5341 17.4228 0.087 -0.07 3.401 1.54 3.04 3.98 301.6 48.9 48.8 36.0
Zr4F2N3 3.576461963 -2.225973875 0.048456205 6.6339 14.5341 17.4228 0.427 -0.07 3.401 1.33 3.04 3.98 325.0 79.0 48.8 36.0
Mo4C3O2 6.058052797 -0.448211993 0.323354667 7.0942 11.2603 13.618 0.749 1.262 1.439 2.16 2.55 3.44 305.2 70.2 59.6 41.4
Ti4C3O2 6.01365045 -1.50161531 0.066121993 6.8282 11.2603 13.618 0.087 1.262 1.439 1.54 2.55 3.44 304.3 48.9 59.6 41.4
Zr4C3O2 5.213692565 -1.64829792 0.107203973 6.6339 11.2603 13.618 0.427 1.262 1.439 1.33 2.55 3.44 330.6 79.0 59.6 41.4
Mo4N3O2 5.816440504 -0.697208253 0.294868262 7.0942 14.5341 13.618 0.749 -0.07 1.439 2.16 3.04 3.44 319.0 70.2 48.8 41.4
Ti4N3O2 5.66407381 -2.127643174 0.0 6.8282 14.5341 13.618 0.087 -0.07 1.439 1.54 3.04 3.44 300.3 48.9 48.8 41.4
Zr4N3O2 4.602333652 -2.267204327 0.088579449 6.6339 14.5341 13.618 0.427 -0.07 1.439 1.33 3.04 3.44 324.8 79.0 48.8 41.4
Mo4C3 4.800734589 0.354085777 0.5219373939999999 7.0942 11.2603 7.0942 0.749 1.262 0.749 2.16 2.55 2.16 307.7 70.2 59.6 70.2
Ti4C3 3.988366624 -0.5177763670000001 0.244752571 6.8282 11.2603 6.8282 0.087 1.262 0.087 1.54 2.55 1.54 309.7 48.9 59.6 48.9
Zr4C3 3.917392518 -0.553695766 0.196816861 6.6339 11.2603 6.6339 0.427 1.262 0.427 1.33 2.55 1.33 334.1 79.0 59.6 79.0
Mo4N3 5.59959685 -0.117566868 0.297680585 7.0942 14.5341 7.0942 0.749 -0.07 0.749 2.16 3.04 2.16 298.7 70.2 48.8 70.2
Ti4N3 4.651035323 -1.256317588 0.145214781 6.8282 14.5341 6.8282 0.087 -0.07 0.087 1.54 3.04 1.54 298.6 48.9 48.8 48.9
Zr4N3 4.34618742 -1.276421745 0.286819364 6.6339 14.5341 6.6339 0.427 -0.07 0.427 1.33 3.04 1.33 322.7 79.0 48.8 79.0
Mo2C 4.782409055 0.7863231890000001 0.9730561879999999 7.0942 11.2603 7.0942 0.749 1.262 0.749 2.16 2.55 2.16 300.9 70.2 59.6 70.2
Ta2C 4.77120532 0.31552792 0.961113835 7.89 11.2603 7.89 0.323 1.262 0.323 1.5 2.55 1.5 308.59999999999997 78.4 59.6 78.4
Mn2N 5.203527312 0.591096799 0.8163847340000001 7.434 14.5341 7.434 -0.5 -0.07 -0.5 1.55 3.04 1.55 262.1 38.9 48.8 38.9
W2N 5.337295524 0.870033183 0.984421337 7.98 14.5341 7.98 0.816 -0.07 0.816 2.36 3.04 2.36 277.7 74.6 48.8 74.6
Mn2CF2 6.293181457 -1.211706661 0.232771164 7.434 11.2603 17.4228 -0.5 1.262 3.401 1.55 2.55 3.98 296.4 38.9 59.6 36.0
Ta2CF2 3.887295424 -1.669997739 0.237166954 7.89 11.2603 17.4228 0.323 1.262 3.401 1.5 2.55 3.98 320.0 78.4 59.6 36.0
Y2CF2 3.689597479 -2.497009159 0.0 6.217 11.2603 17.4228 0.308 1.262 3.401 1.22 2.55 3.98 355.90000000000003 86.5 59.6 36.0
V2CO2 6.645078972 -1.436963878 0.185070279 6.746 11.2603 13.618 0.526 1.262 1.439 1.63 2.55 3.44 290.7 44.9 59.6 41.4
Cr2F2N 5.300603221 -1.503966995 0.144563059 6.766 14.5341 17.4228 0.6758 -0.07 3.401 1.66 3.04 3.98 301.6 42.7 48.8 36.0
Nb2F2N 5.030830694 -1.811325392 0.329717599 6.7588 14.5341 17.4228 0.894 -0.07 3.401 1.6 3.04 3.98 289.40000000000003 74.7 48.8 36.0
W2F2N 5.131545825 -0.927262758 0.447190597 7.98 14.5341 17.4228 0.816 -0.07 3.401 2.36 3.04 3.98 277.0 74.6 48.8 36.0
Mn2NO2 6.523022301 -1.004600619 0.11986881 7.434 14.5341 13.618 -0.5 -0.07 1.439 1.55 3.04 3.44 287.9 38.9 48.8 41.4
Nb2NO2 5.631049445 -1.916125921 0.153539308 6.7588 14.5341 13.618 0.894 -0.07 1.439 1.6 3.04 3.44 312.3 74.7 48.8 41.4
Ta2NO2 5.307607378 -1.876341566 0.240624586 7.89 14.5341 13.618 0.323 -0.07 1.439 1.5 3.04 3.44 313.7 78.4 48.8 41.4
Zr2NO2 4.730528298999999 -2.615726845 0.20386724 6.6339 14.5341 13.618 0.427 -0.07 1.439 1.33 3.04 3.44 325.2 79.0 48.8 41.4
Mn2CH2O2 1.605877655 -0.679253723 0.192975818 7.434 11.2603 13.017 -0.5 1.262 1.827 1.55 2.55 2.82 301.5 38.9 59.6 41.4
Ta2CH2O2 2.562581276 -1.052686743 0.290355319 7.89 11.2603 13.017 0.323 1.262 1.827 1.5 2.55 2.82 320.1 78.4 59.6 41.4
Y2CH2O2 1.423007374 -1.502911873 0.494482885 6.217 11.2603 13.017 0.308 1.262 1.827 1.22 2.55 2.82 358.3 86.5 59.6 41.4
Mn2H2NO2 1.548754523 -0.778281928 0.165237161 7.434 14.5341 13.017 -0.5 -0.07 1.827 1.55 3.04 2.82 307.1 38.9 48.8 41.4
Ta2H2NO2 2.497220519 -1.027565899 0.484552781 7.89 14.5341 13.017 0.323 -0.07 1.827 1.5 3.04 2.82 293.1 78.4 48.8 41.4
Y2H2NO2 2.036421682 -1.838113135 0.322115271 6.217 14.5341 13.017 0.308 -0.07 1.827 1.22 3.04 2.82 348.4 86.5 48.8 41.4
Mn3C2H2O2 1.696293082 -0.438861518 0.250227402 7.434 11.2603 13.017 -0.5 1.262 1.827 1.55 2.55 2.82 296.4 38.9 59.6 41.4
Ta3C2H2O2 2.393978169 -0.8739851270000001 0.305349568 7.89 11.2603 13.017 0.323 1.262 1.827 1.5 2.55 2.82 313.09999999999997 78.4 59.6 41.4
Y3C2H2O2 1.842956209 -1.119985663 0.5534191970000001 6.217 11.2603 13.017 0.308 1.262 1.827 1.22 2.55 2.82 355.1 86.5 59.6 41.4
Nb3H2N2O2 2.115742695 -1.145816695 0.274915647 6.7588 14.5341 13.017 0.894 -0.07 1.827 1.6 3.04 2.82 294.9 74.7 48.8 41.4
V3H2N2O2 2.32431541 -1.079086762 0.235674563 6.746 14.5341 13.017 0.526 -0.07 1.827 1.63 3.04 2.82 282.2 44.9 48.8 41.4
Mo3C2F2 6.023370389 -0.7372016259999999 0.264770304 7.0942 11.2603 17.4228 0.749 1.262 3.401 2.16 2.55 3.98 289.2 70.2 59.6 36.0
Ti3C2F2 4.537062608 -1.860417794 0.002975813 6.8282 11.2603 17.4228 0.087 1.262 3.401 1.54 2.55 3.98 307.0 48.9 59.6 36.0
Zr3C2F2 3.214799793 -1.964052754 0.0 6.6339 11.2603 17.4228 0.427 1.262 3.401 1.33 2.55 3.98 332.1 79.0 59.6 36.0
Mo3C2O2 6.375504982000001 -0.656378274 0.291724408 7.0942 11.2603 13.618 0.749 1.262 1.439 2.16 2.55 3.44 296.5 70.2 59.6 41.4
Ti3C2O2 6.14203621 -1.608598373 0.175274036 6.8282 11.2603 13.618 0.087 1.262 1.439 1.54 2.55 3.44 303.79999999999995 48.9 59.6 41.4
Zr3C2O2 5.432554827000001 -1.796041003 0.210861984 6.6339 11.2603 13.618 0.427 1.262 1.439 1.33 2.55 3.44 329.59999999999997 79.0 59.6 41.4
Nb3F2N2 5.236543012 -1.625730519 0.251909465 6.7588 14.5341 17.4228 0.894 -0.07 3.401 1.6 3.04 3.98 291.8 74.7 48.8 36.0
V3F2N2 5.417162109 -1.546310437 0.254912671 6.746 14.5341 17.4228 0.526 -0.07 3.401 1.63 3.04 3.98 278.4 44.9 48.8 36.0
Cr3N2O2 6.817073092 -0.829810508 0.317160354 6.766 14.5341 13.618 0.6758 -0.07 1.439 1.66 3.04 3.44 275.2 42.7 48.8 41.4
Sc3N2O2 6.398742919 -2.281217672 0.366276919 6.5614 14.5341 13.618 0.189 -0.07 1.439 1.36 3.04 3.44 325.2 53.9 48.8 41.4
W3N2O2 7.117395296000001 -0.716222082 0.246157508 7.98 14.5341 13.618 0.816 -0.07 1.439 2.36 3.04 3.44 281.70000000000005 74.6 48.8 41.4
Hf4C3H2O2 2.341269868 -1.263441104 0.202306825 6.825 11.2603 13.017 0.178 1.262 1.827 1.3 2.55 2.82 331.1 82.9 59.6 41.4
Sc4C3H2O2 1.686086439 -1.036525119 0.406312153 6.5614 11.2603 13.017 0.189 1.262 1.827 1.36 2.55 2.82 328.2 53.9 59.6 41.4
W4C3H2O2 1.962004355 -0.24548654 0.4386747029999999 7.98 11.2603 13.017 0.816 1.262 1.827 2.36 2.55 2.82 316.29999999999995 74.6 59.6 41.4
Hf4H2N3O2 2.711951359 -1.609141583 0.272699897 6.825 14.5341 13.017 0.178 -0.07 1.827 1.3 3.04 2.82 323.5 82.9 48.8 41.4
Sc4H2N3O2 2.042803707 -1.947394024 0.135459219 6.5614 14.5341 13.017 0.189 -0.07 1.827 1.36 3.04 2.82 320.7 53.9 48.8 41.4
W4H2N3O2 2.065608799 -0.288075632 0.424045437 7.98 14.5341 13.017 0.816 -0.07 1.827 2.36 3.04 2.82 327.9 74.6 48.8 41.4
Mn3C2 4.551475838 0.44375184 0.49998961 7.434 11.2603 7.434 -0.5 1.262 -0.5 1.55 2.55 1.55 293.1 38.9 59.6 38.9
Ta3C2 4.690470077 0.007367478 0.635990619 7.89 11.2603 7.89 0.323 1.262 0.323 1.5 2.55 1.5 314.8 78.4 59.6 78.4
Y3C2 3.520095171 -0.140203065 0.198954647 6.217 11.2603 6.217 0.308 1.262 0.308 1.22 2.55 1.22 361.5 86.5 59.6 86.5
Mn3N2 4.630992305 0.183639837 0.38639898 7.434 14.5341 7.434 -0.5 -0.07 -0.5 1.55 3.04 1.55 308.8 38.9 48.8 38.9
Ta3N2 5.290320619 -0.308609979 0.7648769759999999 7.89 14.5341 7.89 0.323 -0.07 0.323 1.5 3.04 1.5 293.2 78.4 48.8 78.4
Y3N2 4.134395041 -1.093169715 0.294136582 6.217 14.5341 6.217 0.308 -0.07 0.308 1.22 3.04 1.22 348.20000000000005 86.5 48.8 86.5
Mo4C3F2 5.969642723 -0.613551279 0.199913684 7.0942 11.2603 17.4228 0.749 1.262 3.401 2.16 2.55 3.98 314.29999999999995 70.2 59.6 36.0
Ti4C3F2 4.572972107 -1.635185788 0.0 6.8282 11.2603 17.4228 0.087 1.262 3.401 1.54 2.55 3.98 307.90000000000003 48.9 59.6 36.0
Zr4C3F2 3.516069293 -1.71728553 0.004888404 6.6339 11.2603 17.4228 0.427 1.262 3.401 1.33 2.55 3.98 333.3 79.0 59.6 36.0
Nb4F2N3 4.235459161000001 -1.506302394 0.225002587 6.7588 14.5341 17.4228 0.894 -0.07 3.401 1.6 3.04 3.98 319.9 74.7 48.8 36.0
V4F2N3 5.355879366 -1.493826455 0.162109715 6.746 14.5341 17.4228 0.526 -0.07 3.401 1.63 3.04 3.98 299.40000000000003 44.9 48.8 36.0
Cr4C3O2 6.570992021 -0.414451418 0.351097066 6.766 11.2603 13.618 0.6758 1.262 1.439 1.66 2.55 3.44 290.09999999999997 42.7 59.6 41.4
Nb4C3O2 5.594921286 -1.211952172 0.077252271 6.7588 11.2603 13.618 0.894 1.262 1.439 1.6 2.55 3.44 314.40000000000003 74.7 59.6 41.4
V4C3O2 6.581941225 -0.967520279 0.146186409 6.746 11.2603 13.618 0.526 1.262 1.439 1.63 2.55 3.44 292.4 44.9 59.6 41.4
Cr4N3O2 6.34702856 -0.855985122 0.136522482 6.766 14.5341 13.618 0.6758 -0.07 1.439 1.66 3.04 3.44 294.7 42.7 48.8 41.4
Nb4N3O2 5.358477578 -1.5326914 0.158959267 6.7588 14.5341 13.618 0.894 -0.07 1.439 1.6 3.04 3.44 314.2 74.7 48.8 41.4
V4N3O2 6.194619891 -1.376900839 0.162010031 6.746 14.5341 13.618 0.526 -0.07 1.439 1.63 3.04 3.44 292.4 44.9 48.8 41.4
Cr4C3 4.444378266 0.373496671 0.450647255 6.766 11.2603 6.766 0.6758 1.262 0.6758 1.66 2.55 1.66 294.4 42.7 59.6 42.7
Nb4C3 4.41065153 -0.26922953 0.365867031 6.7588 11.2603 6.7588 0.894 1.262 0.894 1.6 2.55 1.6 312.9 74.7 59.6 74.7
V4C3 4.523354721 -0.131807621 0.3749842370000001 6.746 11.2603 6.746 0.526 1.262 0.526 1.63 2.55 1.63 292.4 44.9 59.6 44.9
Cr4N3 4.072196491000001 -0.121958653 0.290493886 6.766 14.5341 6.766 0.6758 -0.07 0.6758 1.66 3.04 1.66 303.3 42.7 48.8 42.7
Nb4N3 4.796419169 -0.569596404 0.556592773 6.7588 14.5341 6.7588 0.894 -0.07 0.894 1.6 3.04 1.6 314.9 74.7 48.8 74.7
V4N3 4.767996235 -0.5933562729999999 0.470175025 6.746 14.5341 6.746 0.526 -0.07 0.526 1.63 3.04 1.63 293.29999999999995 44.9 48.8 44.9
Cr2C 4.716535002 0.789143783 0.8760236490000001 6.766 11.2603 6.766 0.6758 1.262 0.6758 1.66 2.55 1.66 283.40000000000003 42.7 59.6 42.7
Nb2C 4.535834564 0.284040518 0.837083803 6.7588 11.2603 6.7588 0.894 1.262 0.894 1.6 2.55 1.6 311.6 74.7 59.6 74.7
V2C 4.635133763 0.337235199 0.7915383340000001 6.746 11.2603 6.746 0.526 1.262 0.526 1.63 2.55 1.63 290.3 44.9 59.6 44.9
Mo2N 5.004303233 0.66310091 0.986071151 7.0942 14.5341 7.0942 0.749 -0.07 0.749 2.16 3.04 2.16 280.90000000000003 70.2 48.8 70.2
Ta2N 4.770044727 0.164725324 1.138550709 7.89 14.5341 7.89 0.323 -0.07 0.323 1.5 3.04 1.5 309.0 78.4 48.8 78.4
Y2N 3.961487736 -0.6975397879999999 0.458548793 6.217 14.5341 6.217 0.308 -0.07 0.308 1.22 3.04 1.22 343.8 86.5 48.8 86.5
Cr2CO2 6.417723431000001 -0.881746892 0.441495809 6.766 11.2603 13.618 0.6758 1.262 1.439 1.66 2.55 3.44 290.8 42.7 59.6 41.4
Mo2CF2 5.867241689 -1.016778224 0.324506247 7.0942 11.2603 17.4228 0.749 1.262 3.401 2.16 2.55 3.98 287.2 70.2 59.6 36.0
Ti2CF2 4.803881267 -2.27416768 0.0 6.8282 11.2603 17.4228 0.087 1.262 3.401 1.54 2.55 3.98 304.8 48.9 59.6 36.0
Zr2CF2 3.905669365 -2.362683664 0.0 6.6339 11.2603 17.4228 0.427 1.262 3.401 1.33 2.55 3.98 328.7 79.0 59.6 36.0
Sc2CO2 6.377828005 -1.812340172 0.7316417829999999 6.5614 11.2603 13.618 0.189 1.262 1.439 1.36 2.55 3.44 322.90000000000003 53.9 59.6 41.4
W2CO2 5.937513434 -0.935930369 0.355423706 7.98 11.2603 13.618 0.816 1.262 1.439 2.36 2.55 3.44 311.0 74.6 59.6 41.4
Hf2F2N 3.31444709 -2.381737077 0.218314789 6.825 14.5341 17.4228 0.178 -0.07 3.401 1.3 3.04 3.98 320.8 82.9 48.8 36.0
Sc2F2N 3.768005716 -2.984131642 0.016245819 6.5614 14.5341 17.4228 0.189 -0.07 3.401 1.36 3.04 3.98 318.29999999999995 53.9 48.8 36.0
Y2F2N 3.064709989 -2.919192408 8.65e-05 6.217 14.5341 17.4228 0.308 -0.07 3.401 1.22 3.04 3.98 344.6 86.5 48.8 36.0
Mo2NO2 6.830337149 -1.058915736 0.3392577 7.0942 14.5341 13.618 0.749 -0.07 1.439 2.16 3.04 3.44 285.9 70.2 48.8 41.4
Ti2NO2 5.733969426 -2.427262572 0.08159655099999999 6.8282 14.5341 13.618 0.087 -0.07 1.439 1.54 3.04 3.44 300.09999999999997 48.9 48.8 41.4
Mo2CH2O2 2.126567246 -0.576427893 0.38807834 7.0942 11.2603 13.017 0.749 1.262 1.827 2.16 2.55 2.82 295.5 70.2 59.6 41.4
Ti2CH2O2 1.912019945 -1.429972453 0.161596464 6.8282 11.2603 13.017 0.087 1.262 1.827 1.54 2.55 2.82 307.2 48.9 59.6 41.4
Zr2CH2O2 2.0307807 -1.485474419 0.316168479 6.6339 11.2603 13.017 0.427 1.262 1.827 1.33 2.55 2.82 331.1 79.0 59.6 41.4
Mo2H2NO2 2.311684118 -0.6962750879999999 0.350469652 7.0942 14.5341 13.017 0.749 -0.07 1.827 2.16 3.04 2.82 282.7 70.2 48.8 41.4
Ti2H2NO2 2.172653965 -1.644564329 0.147477901 6.8282 14.5341 13.017 0.087 -0.07 1.827 1.54 3.04 2.82 306.0 48.9 48.8 41.4
Zr2H2NO2 2.342079464 -1.665463939 0.348531836 6.6339 14.5341 13.017 0.427 -0.07 1.827 1.33 3.04 2.82 327.5 79.0 48.8 41.4
Mo3C2H2O2 1.997014787 -0.442869216 0.347120705 7.0942 11.2603 13.017 0.749 1.262 1.827 2.16 2.55 2.82 292.4 70.2 59.6 41.4
Zr3C2H2O2 2.117075344 -1.368375141 0.227480016 6.6339 11.2603 13.017 0.427 1.262 1.827 1.33 2.55 2.82 333.2 79.0 59.6 41.4
Hf3H2N2O2 2.768793192 -1.551610561 0.372518067 6.825 14.5341 13.017 0.178 -0.07 1.827 1.3 3.04 2.82 317.8 82.9 48.8 41.4
Sc3H2N2O2 1.793038091 -1.903654496 0.210079435 6.5614 14.5341 13.017 0.189 -0.07 1.827 1.36 3.04 2.82 320.2 53.9 48.8 41.4
W3H2N2O2 2.870550432 -0.410512225 0.421728587 7.98 14.5341 13.017 0.816 -0.07 1.827 2.36 3.04 2.82 283.70000000000005 74.6 48.8 41.4
Cr3C2F2 6.227888685 -0.855879462 0.229426318 6.766 11.2603 17.4228 0.6758 1.262 3.401 1.66 2.55 3.98 295.7 42.7 59.6 36.0
Nb3C2F2 4.806968304 -1.363084189 0.184796028 6.7588 11.2603 17.4228 0.894 1.262 3.401 1.6 2.55 3.98 317.6 74.7 59.6 36.0
V3C2F2 5.747555556 -1.267993964 0.169393948 6.746 11.2603 17.4228 0.526 1.262 3.401 1.63 2.55 3.98 297.90000000000003 44.9 59.6 36.0
Cr3C2O2 6.633241997000001 -0.623093178 0.341631812 6.766 11.2603 13.618 0.6758 1.262 1.439 1.66 2.55 3.44 288.9 42.7 59.6 41.4
Nb3C2O2 5.194494982 -1.37102799 0.114148827 6.7588 11.2603 13.618 0.894 1.262 1.439 1.6 2.55 3.44 313.9 74.7 59.6 41.4
V3C2O2 6.38282649 -1.107298395 0.187953818 6.746 11.2603 13.618 0.526 1.262 1.439 1.63 2.55 3.44 292.4 44.9 59.6 41.4
Hf3F2N2 3.581515296 -2.125211153 0.215268555 6.825 14.5341 17.4228 0.178 -0.07 3.401 1.3 3.04 3.98 315.2 82.9 48.8 36.0
Sc3F2N2 4.029499195 -2.694769231 0.028984596 6.5614 14.5341 17.4228 0.189 -0.07 3.401 1.36 3.04 3.98 318.1 53.9 48.8 36.0
W3F2N2 5.006098947 -0.630834388 0.399941503 7.98 14.5341 17.4228 0.816 -0.07 3.401 2.36 3.04 3.98 280.6 74.6 48.8 36.0
Hf3N2O2 4.357243335 -2.386006235 0.08787343 6.825 14.5341 13.618 0.178 -0.07 1.439 1.3 3.04 3.44 321.3 82.9 48.8 41.4
Ta3N2O2 5.238300818 -1.54090005 0.320641291 7.89 14.5341 13.618 0.323 -0.07 1.439 1.5 3.04 3.44 305.6 78.4 48.8 41.4
Y3N2O2 5.675460697999999 -2.228160307 0.341837858 6.217 14.5341 13.618 0.308 -0.07 1.439 1.22 3.04 3.44 353.3 86.5 48.8 41.4
Mn4C3H2O2 1.679042179 -0.303720163 0.268824724 7.434 11.2603 13.017 -0.5 1.262 1.827 1.55 2.55 2.82 294.7 38.9 59.6 41.4
Ta4C3H2O2 2.395729642 -0.881711 0.193119783 7.89 11.2603 13.017 0.323 1.262 1.827 1.5 2.55 2.82 315.9 78.4 59.6 41.4
Y4C3H2O2 1.737415858 -0.9399721409999999 0.507868626 6.217 11.2603 13.017 0.308 1.262 1.827 1.22 2.55 2.82 357.2 86.5 59.6 41.4
Mn4H2N3O2 1.917367094 -0.479216907 0.182646496 7.434 14.5341 13.017 -0.5 -0.07 1.827 1.55 3.04 2.82 292.0 38.9 48.8 41.4
Ta4H2N3O2 2.75413148 -0.9726254609999999 0.434351631 7.89 14.5341 13.017 0.323 -0.07 1.827 1.5 3.04 2.82 321.20000000000005 78.4 48.8 41.4
Y4H2N3O2 2.027842007 -1.841986852 0.163297723 6.217 14.5341 13.017 0.308 -0.07 1.827 1.22 3.04 2.82 348.0 86.5 48.8 41.4
Mo3C2 4.813046074 0.457276117 0.6307921479999999 7.0942 11.2603 7.0942 0.749 1.262 0.749 2.16 2.55 2.16 291.59999999999997 70.2 59.6 70.2
Ti3C2 3.974776421 -0.381103554 0.361931186 6.8282 11.2603 6.8282 0.087 1.262 0.087 1.54 2.55 1.54 309.90000000000003 48.9 59.6 48.9
Zr3C2 3.920541969 -0.417315994 0.283162458 6.6339 11.2603 6.6339 0.427 1.262 0.427 1.33 2.55 1.33 333.70000000000005 79.0 59.6 79.0
Mo3N2 5.071202015 0.31824437 0.705808659 7.0942 14.5341 7.0942 0.749 -0.07 0.749 2.16 3.04 2.16 284.0 70.2 48.8 70.2
Ti3N2 4.59832161 -0.985172031 0.486436956 6.8282 14.5341 6.8282 0.087 -0.07 0.087 1.54 3.04 1.54 301.4 48.9 48.8 48.9
Zr3N2 4.346024058 -0.9720646270000001 0.506064571 6.6339 14.5341 6.6339 0.427 -0.07 0.427 1.33 3.04 1.33 318.7 79.0 48.8 79.0
Cr4C3F2 6.12708594 -0.649412156 0.209921387 6.766 11.2603 17.4228 0.6758 1.262 3.401 1.66 2.55 3.98 299.5 42.7 59.6 36.0
Nb4C3F2 4.754208319 -1.251591017 0.08959059400000001 6.7588 11.2603 17.4228 0.894 1.262 3.401 1.6 2.55 3.98 315.3 74.7 59.6 36.0
V4C3F2 5.646512711000001 -1.114250996 0.11000568 6.746 11.2603 17.4228 0.526 1.262 3.401 1.63 2.55 3.98 294.6 44.9 59.6 36.0
Cr4F2N3 5.184954822 -1.090314399 0.026373943 6.766 14.5341 17.4228 0.6758 -0.07 3.401 1.66 3.04 3.98 300.9 42.7 48.8 36.0
Sc4F2N3 3.623681847 -2.570074031 0.0 6.5614 14.5341 17.4228 0.189 -0.07 3.401 1.36 3.04 3.98 319.3 53.9 48.8 36.0
W4F2N3 4.360052348 -0.481655634 0.358188333 7.98 14.5341 17.4228 0.816 -0.07 3.401 2.36 3.04 3.98 326.6 74.6 48.8 36.0
Hf4C3O2 5.300369123 -1.67841771 0.101825269 6.825 11.2603 13.618 0.178 1.262 1.439 1.3 2.55 3.44 327.9 82.9 59.6 41.4
Sc4C3O2 6.305918995 -1.092481525 0.531614376 6.5614 11.2603 13.618 0.189 1.262 1.439 1.36 2.55 3.44 327.8 53.9 59.6 41.4
W4C3O2 5.745541999999999 -0.383283546 0.424455866 7.98 11.2603 13.618 0.816 1.262 1.439 2.36 2.55 3.44 312.5 74.6 59.6 41.4
Hf4N3O2 4.57867948 -2.209534906 0.09049357 6.825 14.5341 13.618 0.178 -0.07 1.439 1.3 3.04 3.44 322.3 82.9 48.8 41.4
Sc4N3O2 7.2312178 -2.250582645 0.240555403 6.5614 14.5341 13.618 0.189 -0.07 1.439 1.36 3.04 3.44 374.6 53.9 48.8 41.4
W4N3O2 5.253120612 -0.485606088 0.301040756 7.98 14.5341 13.618 0.816 -0.07 1.439 2.36 3.04 3.44 322.0 74.6 48.8 41.4
Hf4C3 4.470730484 -0.530324833 0.251278942 6.825 11.2603 6.825 0.178 1.262 0.178 1.3 2.55 1.3 330.1 82.9 59.6 82.9
Sc4C3 3.034834171 -0.321604606 0.186982895 6.5614 11.2603 6.5614 0.189 1.262 0.189 1.36 2.55 1.36 340.2 53.9 59.6 53.9
W4C3 5.092112133000001 0.547844669 0.72203417 7.98 11.2603 7.98 0.816 1.262 0.816 2.36 2.55 2.36 307.90000000000003 74.6 59.6 74.6
Hf4N3 4.471742401 -1.184688214 0.265211199 6.825 14.5341 6.825 0.178 -0.07 0.178 1.3 3.04 1.3 319.09999999999997 82.9 48.8 82.9
Sc4N3 3.922537798 -1.485609464 0.180582091 6.5614 14.5341 6.5614 0.189 -0.07 0.189 1.36 3.04 1.36 321.09999999999997 53.9 48.8 53.9
W4N3 5.340951144 0.625500662 0.7725711470000001 7.98 14.5341 7.98 0.816 -0.07 0.816 2.36 3.04 2.36 322.90000000000003 74.6 48.8 74.6
Hf2C 4.458777006 0.012178679 0.620092726 6.825 11.2603 6.825 0.178 1.262 0.178 1.3 2.55 1.3 322.0 82.9 59.6 82.9
Sc2C 4.098065208 -0.060786782 0.383649812 6.5614 11.2603 6.5614 0.189 1.262 0.189 1.36 2.55 1.36 331.4 53.9 59.6 53.9
W2C 5.153421153 0.957153417 1.09263414 7.98 11.2603 7.98 0.816 1.262 0.816 2.36 2.55 2.36 287.1 74.6 59.6 74.6
Cr2N 4.96687869 0.531967063 0.8918413829999999 6.766 14.5341 6.766 0.6758 -0.07 0.6758 1.66 3.04 1.66 267.5 42.7 48.8 42.7
Nb2N 4.624259039 0.028747362 1.031012153 6.7588 14.5341 6.7588 0.894 -0.07 0.894 1.6 3.04 1.6 313.09999999999997 74.7 48.8 74.7
Ti2N 4.582592153999999 -0.5885700779999999 0.7410265709999999 6.8282 14.5341 6.8282 0.087 -0.07 0.087 1.54 3.04 1.54 297.90000000000003 48.9 48.8 48.9
Zr2N 4.424409886 -0.5441575439999999 0.6876167879999999 6.6339 14.5341 6.6339 0.427 -0.07 0.427 1.33 3.04 1.33 323.4 79.0 48.8 79.0
Nb2CF2 4.342834041000001 -1.813100432 0.106837275 6.7588 11.2603 17.4228 0.894 1.262 3.401 1.6 2.55 3.98 319.5 74.7 59.6 36.0
V2CF2 5.383132905 -1.723631726 0.07929613 6.746 11.2603 17.4228 0.526 1.262 3.401 1.63 2.55 3.98 298.6 44.9 59.6 36.0
Hf2CO2 4.879111126000001 -2.307389343 0.167551164 6.825 11.2603 13.618 0.178 1.262 1.439 1.3 2.55 3.44 327.7 82.9 59.6 41.4
Nb2CO2 5.759951722999999 -1.727511018 0.110416072 6.7588 11.2603 13.618 0.894 1.262 1.439 1.6 2.55 3.44 312.7 74.7 59.6 41.4
Ta2CO2 5.522228129 -1.765860026 0.113381284 7.89 11.2603 13.618 0.323 1.262 1.439 1.5 2.55 3.44 313.3 78.4 59.6 41.4
Y2CO2 5.253460151000001 -1.792301385 0.7622103790000001 6.217 11.2603 13.618 0.308 1.262 1.439 1.22 2.55 3.44 356.4 86.5 59.6 41.4
Mn2F2N 5.623999412000001 -1.348883438 0.14394207 7.434 14.5341 17.4228 -0.5 -0.07 3.401 1.55 3.04 3.98 304.5 38.9 48.8 36.0
Ta2F2N 4.86534066 -1.617616224 0.506882731 7.89 14.5341 17.4228 0.323 -0.07 3.401 1.5 3.04 3.98 287.0 78.4 48.8 36.0
Zr2F2N 3.539576278 -2.591595542 0.081561892 6.6339 14.5341 17.4228 0.427 -0.07 3.401 1.33 3.04 3.98 327.4 79.0 48.8 36.0
W2NO2 6.825937572000001 -0.946453766 0.332244768 7.98 14.5341 13.618 0.816 -0.07 1.439 2.36 3.04 3.44 283.1 74.6 48.8 41.4
Nb2CH2O2 2.145794566 -1.12639898 0.189516924 6.7588 11.2603 13.017 0.894 1.262 1.827 1.6 2.55 2.82 320.3 74.7 59.6 41.4
V2CH2O2 1.792878429 -1.060472925 0.133232701 6.746 11.2603 13.017 0.526 1.262 1.827 1.63 2.55 2.82 300.9 44.9 59.6 41.4
Cr2H2NO2 1.941259428 -0.8936230759999999 0.229901136 6.766 14.5341 13.017 0.6758 -0.07 1.827 1.66 3.04 2.82 303.7 42.7 48.8 41.4
Nb2H2NO2 2.275744716 -1.144997503 0.333334803 6.7588 14.5341 13.017 0.894 -0.07 1.827 1.6 3.04 2.82 295.0 74.7 48.8 41.4
V2H2NO2 2.017324425 -1.19895202 0.163617715 6.746 14.5341 13.017 0.526 -0.07 1.827 1.63 3.04 2.82 305.7 44.9 48.8 41.4
Cr3C2H2O2 1.561346295 -0.52019423 0.289481003 6.766 11.2603 13.017 0.6758 1.262 1.827 1.66 2.55 2.82 301.1 42.7 59.6 41.4
Nb3C2H2O2 1.890096978 -0.929482595 0.236704168 6.7588 11.2603 13.017 0.894 1.262 1.827 1.6 2.55 2.82 317.6 74.7 59.6 41.4
V3C2H2O2 1.710174949 -0.852135548 0.190626664 6.746 11.2603 13.017 0.526 1.262 1.827 1.63 2.55 2.82 299.40000000000003 44.9 59.6 41.4
Mn3H2N2O2 1.733889322 -0.559976131 0.211420039 7.434 14.5341 13.017 -0.5 -0.07 1.827 1.55 3.04 2.82 297.2 38.9 48.8 41.4
Ta3H2N2O2 2.403405864 -1.039753363 0.408112124 7.89 14.5341 13.017 0.323 -0.07 1.827 1.5 3.04 2.82 293.7 78.4 48.8 41.4
Y3H2N2O2 1.789979678 -1.825248885 0.240291624 6.217 14.5341 13.017 0.308 -0.07 1.827 1.22 3.04 2.82 347.3 86.5 48.8 41.4
Hf3C2F2 2.944220046 -1.912199774 0.0 6.825 11.2603 17.4228 0.178 1.262 3.401 1.3 2.55 3.98 329.8 82.9 59.6 36.0
Sc3C2F2 5.213365605 -1.778598304 0.17054619 6.5614 11.2603 17.4228 0.189 1.262 3.401 1.36 2.55 3.98 324.5 53.9 59.6 36.0
W3C2F2 5.79068929 -0.559840416 0.48901482 7.98 11.2603 17.4228 0.816 1.262 3.401 2.36 2.55 3.98 287.59999999999997 74.6 59.6 36.0
Hf3C2O2 5.600769939 -1.812255631 0.216093609 6.825 11.2603 13.618 0.178 1.262 1.439 1.3 2.55 3.44 327.09999999999997 82.9 59.6 41.4
Sc3C2O2 3.947450403 -1.648476353 0.305691985 6.5614 11.2603 13.618 0.189 1.262 1.439 1.36 2.55 3.44 348.3 53.9 59.6 41.4
W3C2O2 6.093392542 -0.59126831 0.389190625 7.98 11.2603 13.618 0.816 1.262 1.439 2.36 2.55 3.44 295.5 74.6 59.6 41.4
Mn3F2N2 6.210243103 -0.8383312140000001 0.276248707 7.434 14.5341 17.4228 -0.5 -0.07 3.401 1.55 3.04 3.98 298.5 38.9 48.8 36.0
Ta3F2N2 5.007630856 -1.468564617 0.3983572970000001 7.89 14.5341 17.4228 0.323 -0.07 3.401 1.5 3.04 3.98 290.6 78.4 48.8 36.0
Y3F2N2 3.258692407 -2.614087649 0.007780714 6.217 14.5341 17.4228 0.308 -0.07 3.401 1.22 3.04 3.98 345.8 86.5 48.8 36.0
Mo3N2O2 7.07949312 -0.853568834 0.283542296 7.0942 14.5341 13.618 0.749 -0.07 1.439 2.16 3.04 3.44 283.8 70.2 48.8 41.4
Ti3N2O2 5.539232561 -2.232220166 0.031571562 6.8282 14.5341 13.618 0.087 -0.07 1.439 1.54 3.04 3.44 298.4 48.9 48.8 41.4
Zr3N2O2 4.427263342 -2.426937928 0.094492387 6.6339 14.5341 13.618 0.427 -0.07 1.439 1.33 3.04 3.44 323.8 79.0 48.8 41.4
Mo4C3H2O2 1.675662958 -0.393055163 0.282334547 7.0942 11.2603 13.017 0.749 1.262 1.827 2.16 2.55 2.82 314.9 70.2 59.6 41.4
Ti4C3H2O2 1.911851995 -1.21123392 0.096587912 6.8282 11.2603 13.017 0.087 1.262 1.827 1.54 2.55 2.82 309.1 48.9 59.6 41.4
Zr4C3H2O2 2.07405871 -1.273955784 0.190943538 6.6339 11.2603 13.017 0.427 1.262 1.827 1.33 2.55 2.82 334.0 79.0 59.6 41.4
Mo4H2N3O2 1.889694579 -0.546785406 0.29549047 7.0942 14.5341 13.017 0.749 -0.07 1.827 2.16 3.04 2.82 323.6 70.2 48.8 41.4
Ti4H2N3O2 2.235089544 -1.666870552 0.073928409 6.8282 14.5341 13.017 0.087 -0.07 1.827 1.54 3.04 2.82 302.5 48.9 48.8 41.4
Zr4H2N3O2 2.391718901 -1.706493465 0.220965988 6.6339 14.5341 13.017 0.427 -0.07 1.827 1.33 3.04 2.82 325.2 79.0 48.8 41.4
Cr3C2 4.551678031000001 0.537150899 0.617789432 6.766 11.2603 6.766 0.6758 1.262 0.6758 1.66 2.55 1.66 292.8 42.7 59.6 42.7
Nb3C2 4.40779032 -0.03271466 0.577765918 6.7588 11.2603 6.7588 0.894 1.262 0.894 1.6 2.55 1.6 317.6 74.7 59.6 74.7
V3C2 4.394605061 0.024455883 0.515501124 6.746 11.2603 6.746 0.526 1.262 0.526 1.63 2.55 1.63 297.1 44.9 59.6 44.9
Cr3N2 4.872036601 0.213849078 0.610528151 6.766 14.5341 6.766 0.6758 -0.07 0.6758 1.66 3.04 1.66 270.1 42.7 48.8 42.7
Nb3N2 5.071959079 -0.40135405 0.68765781 6.7588 14.5341 6.7588 0.894 -0.07 0.894 1.6 3.04 1.6 294.5 74.7 48.8 74.7
V3N2 5.136135176 -0.367901304 0.662069758 6.746 14.5341 6.746 0.526 -0.07 0.526 1.63 3.04 1.63 278.5 44.9 48.8 44.9
Hf4C3F2 3.197944428 -1.683930893 0.005973613000000001 6.825 11.2603 17.4228 0.178 1.262 3.401 1.3 2.55 3.98 330.7 82.9 59.6 36.0
Sc4C3F2 5.059853658 -1.463139164 0.157049302 6.5614 11.2603 17.4228 0.189 1.262 3.401 1.36 2.55 3.98 326.4 53.9 59.6 36.0
W4C3F2 5.342680175 -0.421023184 0.439913351 7.98 11.2603 17.4228 0.816 1.262 3.401 2.36 2.55 3.98 315.7 74.6 59.6 36.0
Hf4F2N3 3.197498319 -2.07670567 0.119567284 6.825 14.5341 17.4228 0.178 -0.07 3.401 1.3 3.04 3.98 322.6 82.9 48.8 36.0
Ta4F2N3 3.767598455 -1.292392481 0.4314310770000001 7.89 14.5341 17.4228 0.323 -0.07 3.401 1.5 3.04 3.98 321.5 78.4 48.8 36.0
Y4F2N3 2.815691735 -2.456640293 0.0 6.217 14.5341 17.4228 0.308 -0.07 3.401 1.22 3.04 3.98 346.7 86.5 48.8 36.0
Mn4C3O2 6.867468069 -0.235408842 0.393039942 7.434 11.2603 13.618 -0.5 1.262 1.439 1.55 2.55 3.44 292.09999999999997 38.9 59.6 41.4
Ta4C3O2 5.333658689 -1.249088308 0.063014189 7.89 11.2603 13.618 0.323 1.262 1.439 1.5 2.55 3.44 314.8 78.4 59.6 41.4
Y4C3O2 5.20902564 -1.024714245 0.558200978 6.217 11.2603 13.618 0.308 1.262 1.439 1.22 2.55 3.44 356.9 86.5 59.6 41.4
Mn4N3O2 6.603191803 -0.632000893 0.06780032400000001 7.434 14.5341 13.618 -0.5 -0.07 1.439 1.55 3.04 3.44 290.3 38.9 48.8 41.4
Ta4N3O2 5.005655022 -1.442691387 0.276947281 7.89 14.5341 13.618 0.323 -0.07 1.439 1.5 3.04 3.44 315.3 78.4 48.8 41.4
Y4N3O2 6.215337862 -2.149315151 0.234935171 6.217 14.5341 13.618 0.308 -0.07 1.439 1.22 3.04 3.44 351.2 86.5 48.8 41.4
Mn4C3 4.410789617 0.392503449 0.446415211 7.434 11.2603 7.434 -0.5 1.262 -0.5 1.55 2.55 1.55 294.0 38.9 59.6 38.9
Ta4C3 4.728994418 -0.263962036 0.357391345 7.89 11.2603 7.89 0.323 1.262 0.323 1.5 2.55 1.5 311.8 78.4 59.6 78.4
Y4C3 3.070247734 -0.15628904 0.187341362 6.217 11.2603 6.217 0.308 1.262 0.308 1.22 2.55 1.22 363.6 86.5 59.6 86.5
Mn4N3 5.612002702000001 -0.004195302 0.188908643 7.434 14.5341 7.434 -0.5 -0.07 -0.5 1.55 3.04 1.55 285.9 38.9 48.8 38.9
Ta4N3 4.928066065 -0.416915828 0.6992832290000001 7.89 14.5341 7.89 0.323 -0.07 0.323 1.5 3.04 1.5 313.5 78.4 48.8 78.4
Y4N3 4.182844139 -1.299303 0.187096604 6.217 14.5341 6.217 0.308 -0.07 0.308 1.22 3.04 1.22 346.8 86.5 48.8 86.5
Mn2C 4.78590294 0.69818154 0.75984666 7.434 11.2603 7.434 -0.5 1.262 -0.5 1.55 2.55 1.55 284.6 38.9 59.6 38.9
Y2C 3.827384573 0.037016926 0.365738361 6.217 11.2603 6.217 0.308 1.262 0.308 1.22 2.55 1.22 354.4 86.5 59.6 86.5
Hf2N 4.551067419 -0.440404735 0.6872948090000001 6.825 14.5341 6.825 0.178 -0.07 0.178 1.3 3.04 1.3 318.1 82.9 48.8 82.9
Sc2N 4.312652488 -0.8086488470000001 0.487277918 6.5614 14.5341 6.5614 0.189 -0.07 0.189 1.36 3.04 1.36 317.9 53.9 48.8 53.9
V2N 4.742742945 -0.06222382799999999 0.8894400170000001 6.746 14.5341 6.746 0.526 -0.07 0.526 1.63 3.04 1.63 290.4 44.9 48.8 44.9
Hf2CF2 3.630109062 -2.260407471 0.039848441 6.825 11.2603 17.4228 0.178 1.262 3.401 1.3 2.55 3.98 326.79999999999995 82.9 59.6 36.0
Sc2CF2 4.515987635 -2.541265344 0.0 6.5614 11.2603 17.4228 0.189 1.262 3.401 1.36 2.55 3.98 326.7 53.9 59.6 36.0
W2CF2 5.674093832000001 -0.794890777 0.59221812 7.98 11.2603 17.4228 0.816 1.262 3.401 2.36 2.55 3.98 284.6 74.6 59.6 36.0
Mo2CO2 6.365433187000001 -0.9580548609999999 0.307812663 7.0942 11.2603 13.618 0.749 1.262 1.439 2.16 2.55 3.44 309.3 70.2 59.6 41.4
Ti2CO2 5.661587764 -2.06105995 0.11185565 6.8282 11.2603 13.618 0.087 1.262 1.439 1.54 2.55 3.44 303.2 48.9 59.6 41.4
Zr2CO2 4.816504628 -2.287543747 0.171881209 6.6339 11.2603 13.618 0.427 1.262 1.439 1.33 2.55 3.44 330.0 79.0 59.6 41.4
Mo2F2N 5.613111015 -1.191554128 0.265181734 7.0942 14.5341 17.4228 0.749 -0.07 3.401 2.16 3.04 3.98 277.4 70.2 48.8 36.0
Ti2F2N 4.449904893 -2.561657971 0.000146237 6.8282 14.5341 17.4228 0.087 -0.07 3.401 1.54 3.04 3.98 304.7 48.9 48.8 36.0
Hf2NO2 4.607507528999999 -2.583980945 0.20283086 6.825 14.5341 13.618 0.178 -0.07 1.439 1.3 3.04 3.44 323.0 82.9 48.8 41.4
Sc2NO2 7.271891038 -2.414489714 0.5144466560000001 6.5614 14.5341 13.618 0.189 -0.07 1.439 1.36 3.04 3.44 324.2 53.9 48.8 41.4
Y2NO2 6.314310967000001 -2.385924838 0.518419445 6.217 14.5341 13.618 0.308 -0.07 1.439 1.22 3.04 3.44 353.4 86.5 48.8 41.4
Hf2CH2O2 2.328544331 -1.438597866 0.343651126 6.825 11.2603 13.017 0.178 1.262 1.827 1.3 2.55 2.82 328.79999999999995 82.9 59.6 41.4
Sc2CH2O2 1.347678248 -1.557127766 0.395849969 6.5614 11.2603 13.017 0.189 1.262 1.827 1.36 2.55 2.82 330.0 53.9 59.6 41.4
W2CH2O2 2.476369027 -0.429226173 0.529758018 7.98 11.2603 13.017 0.816 1.262 1.827 2.36 2.55 2.82 291.5 74.6 59.6 41.4
Hf2H2NO2 2.654117169 -1.559102136 0.431477725 6.825 14.5341 13.017 0.178 -0.07 1.827 1.3 3.04 2.82 326.1 82.9 48.8 41.4
Sc2H2NO2 2.043230623 -1.900707201 0.261553526 6.5614 14.5341 13.017 0.189 -0.07 1.827 1.36 3.04 2.82 322.0 53.9 48.8 41.4
W2H2NO2 2.579341907 -0.530983635 0.490016771 7.98 14.5341 13.017 0.816 -0.07 1.827 2.36 3.04 2.82 281.3 74.6 48.8 41.4
