Model_ID, [(c_i,i=0,n)_j,j=1,ntask]
           1    0.1264172510E+02    0.1985994056E+01
           2    0.4635549361E+00    0.7018304997E+02
           3   -0.2988114948E+02    0.2707966824E+02
           4    0.1912361623E+01    0.1838214235E+03
           5   -0.3756854429E+01    0.3463633063E+02
           6   -0.2335282081E+01   -0.2753423237E+02
           7   -0.3536021399E+01    0.3778264217E+02
           8   -0.1913491021E+01    0.2796624674E+02
           9   -0.1469478953E+01   -0.2383136348E+02
          10    0.1325194332E+02   -0.1836144610E+01
          11    0.3248301581E+01    0.4551111031E+00
          12   -0.6362782811E+00   -0.1845536599E+02
          13    0.3739322862E+01    0.7279105749E-03
          14    0.9932962934E+01   -0.1235652526E+01
          15    0.3071701178E+01    0.6484160504E+00
          16    0.3391058107E+01    0.4280918988E-02
          17    0.3613903933E+01    0.8707101406E-02
          18    0.3640099815E+01    0.1876421397E+03
          19    0.3565612450E+01    0.5704456283E-02
          20    0.5379584516E+01   -0.2729324421E+02
          21    0.1914487260E+01    0.6664777203E-02
          22    0.2640779719E+01    0.2355195294E+01
          23    0.3060971964E+01    0.3095303987E-02
          24    0.3384832122E+01    0.6826924484E-03
          25    0.3541678518E+01    0.4081313923E+01
          26    0.3701586852E+01    0.3513396625E-03
          27    0.1074227947E+02    0.1538361198E+01
          28    0.3638129906E+01    0.1499618148E-02
          29    0.3119479284E+01    0.3381316408E-01
          30    0.5345204527E+01   -0.4736478642E-01
          31    0.3532375543E+01    0.2755609650E-01
          32    0.3718030114E+01    0.1229578100E-02
          33    0.2027395489E+01    0.9516851056E+00
          34    0.3373035431E+01    0.2275282054E-01
          35    0.1265284221E+02   -0.1924743762E+01
          36    0.3622012231E+01    0.1063984134E+01
          37    0.3615728622E+01    0.7161559332E-02
          38    0.3639796521E+01    0.1047098363E+00
          39    0.3254435336E+01    0.1723133272E-01
          40   -0.3402318894E+01    0.3414907344E+02
          41   -0.4624588046E+01    0.3971588432E+02
          42    0.4865502767E+01   -0.9084839159E+01
          43    0.7890225101E+01    0.9487213572E+00
          44    0.3335887862E+01    0.2392284923E-01
          45    0.3399628420E+01    0.2276178970E-01
          46    0.1035160958E+02   -0.9692199102E+01
          47   -0.1278593292E+02    0.1613677850E+02
          48    0.3383289513E+01    0.4962321209E-01
          49    0.2672065158E+01    0.1252624725E+00
          50   -0.1687894615E+01    0.2366575631E+02
          51    0.4947183918E+01   -0.1611910750E+02
          52    0.3340031125E+01    0.1683329194E+02
          53    0.2314839030E+01    0.3393937840E+00
          54    0.5317174924E+01   -0.2329736459E+01
          55    0.4973285402E+01   -0.2434001035E-01
          56    0.3316345396E+01    0.1150923014E+00
          57    0.3319151249E+01    0.8943213037E-03
          58   -0.3709422710E+00    0.7164607433E+01
          59    0.3632543380E+01    0.1854139044E-02
          60    0.4983555676E+01   -0.3712402235E+01
          61    0.2290685560E+01    0.1213528440E-02
          62    0.2736734478E+01    0.1802658778E+02
          63    0.3640799934E+01    0.1335024068E+00
          64    0.5717500633E+01   -0.8233244608E+00
          65    0.2393916870E+01    0.1132018862E-03
          66    0.3288353811E+01    0.2453970051E-01
          67    0.3062247824E+01    0.9255526298E-01
          68    0.1378716660E+01    0.3928295303E+00
          69    0.3616611446E+01    0.1314859090E+01
          70    0.1452223140E+01    0.2227657476E-01
          71    0.5442120995E+01   -0.1740265547E+01
          72    0.3492120830E+01    0.8113526992E-01
          73    0.1797170323E+01    0.2889636832E+00
          74    0.3610403069E+01    0.8848467598E-02
          75    0.3669561378E+01    0.5875384400E-04
          76    0.2732291341E+01    0.1762169437E+00
          77    0.3213024441E+01    0.1826237190E-01
          78    0.2891583646E+01    0.2341268865E-01
          79    0.4928350152E+01   -0.1774164028E+00
          80    0.3534664758E+01    0.1377688080E+01
          81    0.4731623386E+01   -0.1317084618E+01
          82    0.3244642965E+01    0.7520419524E-01
          83    0.5636340828E+01   -0.7728321004E+01
          84    0.3586891380E+01    0.2086925950E-01
          85    0.1465410351E+00    0.9546854160E+03
          86    0.3578921328E+01    0.5006844165E+00
          87    0.3237724890E+01    0.2675118131E+01
          88    0.5029665169E+01   -0.1425656997E+01
          89    0.3562891803E+01    0.5166167650E-03
          90    0.3243251735E+01   -0.5420801965E-01
          91    0.3627646652E+01    0.2146042759E-03
          92    0.3233903396E+01    0.5062537130E-03
          93    0.3001020817E+01    0.5892934058E-01
          94    0.3634652745E+01    0.1651864564E+00
          95    0.1275078709E+02   -0.1883531951E+01
          96    0.4877094242E+01   -0.3547322811E+03
          97    0.3189326062E+01    0.3126245639E-01
          98    0.3305949335E+01    0.6716816154E-01
          99    0.3097397326E+01   -0.3651860870E-01
         100    0.3734962584E+01    0.8330186342E+00
         101    0.3300223341E+01    0.3631174376E-02
         102    0.3225063984E+01    0.5290255132E+02
         103    0.1715505166E+01    0.2885839653E-02
         104    0.5092868942E+01   -0.1070352017E+02
         105    0.2783988655E+01    0.1973343509E+00
         106    0.3319993894E+01    0.1199953070E+00
         107    0.9698683668E+01    0.1316100999E+01
         108    0.9479748703E+01   -0.1296109409E+01
         109    0.5079724619E+01   -0.1064311238E+01
         110    0.3443535812E+01    0.1233882610E-01
         111    0.3222227594E+01    0.3532583863E+00
         112    0.3184637796E+01    0.8807253346E+01
         113    0.3448697785E+01    0.4903745740E-03
         114    0.3662440606E+01    0.7287691794E-04
         115    0.3461733887E+01   -0.3313761093E-01
         116    0.3654904404E+01    0.5314824033E-02
         117    0.4499520308E+01   -0.3563183139E+00
         118    0.1354415156E+01    0.1990269664E+02
         119    0.8427236871E+01   -0.2172371837E+00
         120    0.8944745227E+01   -0.2977868187E+01
         121   -0.1134852833E+01    0.3336797913E+01
         122    0.3197135781E+01   -0.5491492895E-01
         123    0.3528050009E+01    0.1702826763E+01
         124    0.3632463689E+01   -0.1817764631E-01
         125    0.2707856313E+01    0.2384217376E+01
         126    0.2752988320E+01    0.2816566798E+03
         127    0.3555948096E+01    0.3123276494E-02
         128    0.4955880624E+01   -0.7291507524E+02
         129    0.3222948491E+01    0.2350505602E-02
         130    0.5389123465E+01   -0.1348841095E+03
         131    0.3581907003E+01    0.2576382058E-01
         132    0.3685122762E+01    0.2926900621E+01
         133    0.1113757399E+01    0.1055589107E+01
         134    0.3204699485E+01    0.1732242791E-01
         135   -0.6363827933E+00   -0.1995708955E+02
         136    0.5015782498E+01   -0.5012698882E+00
         137    0.2118139292E+01    0.8424827204E-02
         138    0.3684789814E+01    0.2426037153E+01
         139    0.2168967857E+01    0.5222518369E-01
         140    0.2134057005E+01   -0.1461019729E+00
         141    0.3781500389E+01   -0.2327712274E+00
         142    0.3229038673E+01    0.2419616436E+03
         143    0.3116188548E+01    0.5568786865E-01
         144    0.5009418809E+01   -0.7455530283E+02
         145    0.4761274706E+01   -0.6595979732E+00
         146    0.5177347091E+01   -0.2635881824E+01
         147    0.3707684859E+01    0.6697446981E+00
         148    0.2412991016E+01    0.4067413531E+00
         149    0.3077720387E+01    0.4465910004E+02
         150    0.3506606127E+01    0.2204922041E+00
         151    0.2628571919E+01    0.5713184891E-02
         152    0.8400122375E+01   -0.1750381159E-01
         153    0.5153948735E+01   -0.5310478429E-02
         154    0.3237610152E+01    0.1597208289E+01
         155    0.3591013914E+01    0.5742842369E-01
         156    0.3153710401E+01    0.1256128998E+02
         157    0.3734235939E+01   -0.1706808201E+00
         158    0.4826524716E+01   -0.1578090722E+01
         159    0.3512557096E+01    0.1454968540E-02
         160    0.6043155199E+01   -0.1767918599E+02
         161    0.4991556043E+01   -0.1051706699E+00
         162    0.2018392075E+01    0.1238070031E+00
         163    0.3688167879E+01    0.6172437445E-02
         164    0.3594050403E+01    0.3802153760E-03
         165    0.3735378620E+01    0.3809848493E-02
         166    0.3613961916E+01    0.1059042365E-01
         167    0.4606969583E+01   -0.8630858945E+00
         168    0.3133944733E+01    0.8522804894E-01
         169    0.4940295339E+01   -0.9878202824E+00
         170    0.1098990649E+02   -0.1495134354E+01
         171    0.2942950737E+01   -0.3648236567E+01
         172    0.3824565612E+01    0.2098547513E-01
         173    0.3105981939E+01    0.5313307940E-01
         174    0.3551923361E+01    0.3850265906E-02
         175    0.4644010031E+01   -0.5021026869E-02
         176    0.3443673591E+01    0.1755345813E-02
         177    0.3078833271E+01    0.5464426456E-01
         178    0.3118993454E+01    0.8394451066E+03
         179    0.3520882222E+01    0.7112713578E+01
         180    0.2587161656E+01    0.5050817491E+01
         181    0.3383364186E+01    0.2873338457E+02
         182    0.3275312387E+01    0.4496791346E+01
         183    0.3014347515E+01    0.1846913567E+01
         184    0.3754932131E+01    0.1039173308E-02
         185    0.2907342555E+01    0.1722584275E+03
         186    0.3781495772E+01    0.4920171009E+01
         187    0.3859060134E+01   -0.8503373857E-01
         188    0.1990103609E+01    0.4993385721E-01
         189    0.5934679718E+01   -0.2367766724E+00
         190    0.3787295901E+01    0.7829712243E+02
         191    0.4199414467E+01    0.2353983923E+00
         192    0.3529100475E+01    0.9782305805E+00
         193    0.3602957213E+01    0.2578862043E+00
         194    0.3721159777E+01    0.8018697909E+00
         195    0.4212318903E+01    0.4679344469E-01
         196    0.4213717267E+01    0.1026655362E+03
         197    0.4227897685E+01    0.2322145450E-01
         198    0.4225065663E+01    0.1633547303E+02
         199    0.4223816828E+01    0.1096420423E+00
         200    0.7398788824E+01   -0.9123048474E+01
         201    0.4214670616E+01    0.3188400224E+00
         202    0.6968986492E+01   -0.3182837390E-01
         203    0.3300266953E+01    0.9055301572E+00
         204    0.4204626804E+01    0.6036086205E-02
         205    0.4068070235E+01   -0.3311437201E+00
         206    0.4202008809E+01    0.4166344696E+01
         207    0.4216338147E+01    0.9738692805E-03
         208    0.3241073108E+01   -0.5168736019E-01
         209    0.3814146157E+01    0.2630347729E-01
         210    0.2431557893E+01    0.4657255697E-04
         211    0.4217387271E+01    0.2138754502E+01
         212    0.3585881117E+01    0.7091768969E-01
         213    0.5099370107E+01   -0.2344431919E-01
         214    0.3486848948E+01    0.1488777998E-01
         215    0.3333206286E+01    0.3297026887E+02
         216    0.2985277605E+01    0.1580540761E+03
         217    0.4138137330E+01    0.1774789089E+02
         218    0.3354107096E+01    0.5936492487E-01
         219    0.3702417490E+01    0.1971414875E-02
         220    0.3321602096E+01    0.5889762709E-02
         221    0.1053744915E+02    0.1336761955E+01
         222    0.3772824881E+01    0.3220778630E-03
         223    0.4881220193E+01   -0.7501378037E-01
         224    0.3588860916E+01    0.4695804782E-03
         225    0.3358065639E+01    0.6058306454E+01
         226    0.3168351503E+01    0.7466040043E-03
         227    0.4211656138E+01    0.2162151095E+02
         228    0.3644471332E+01    0.9293156916E+00
         229    0.2351175576E+01    0.1695586401E+02
         230    0.5956730495E+01   -0.3473443923E+00
         231    0.2484828288E+01    0.5736016201E-02
         232    0.3444486842E+01    0.5271272982E+01
         233    0.2105426193E+01    0.3153016125E-03
         234    0.5940687771E+01   -0.1036362102E+01
         235    0.3312897644E+01    0.8882673364E-02
         236    0.5166400436E+01   -0.1239895935E-01
         237    0.3777755191E+01    0.1217506643E-02
         238    0.7397445571E+01   -0.1365437125E+02
         239    0.4705397878E+01    0.1132273749E+01
         240    0.3113110853E+01    0.1377008894E+03
         241    0.3193164830E+01    0.1864204666E-03
         242    0.4883938189E+01   -0.1601549115E-01
         243    0.3163833925E+01    0.7595405713E-02
         244    0.4425871690E+01   -0.1012474675E+01
         245    0.3517813021E+01    0.8751388300E+01
         246    0.3705233914E+01    0.1503349571E-01
         247    0.4964370331E+01   -0.8775559469E+01
         248    0.3850435092E+01    0.1968352245E-03
         249    0.3597613489E+01    0.3186081695E+00
         250    0.4038360363E+01    0.1765292180E+00
         251    0.3565644919E+01    0.5588193589E+00
         252    0.5891392282E+01   -0.6277204824E+00
         253    0.2945823921E+01   -0.5940137434E-01
         254    0.3375815105E+01    0.3816761634E+01
         255    0.3579739185E+01    0.6079508547E-04
         256    0.3066507944E+01    0.3907915792E+00
         257    0.5677983558E+01   -0.2767790465E+02
         258    0.3397694101E+01    0.3839272804E+01
         259    0.5818061985E+01   -0.1830553171E-01
         260    0.3645027850E+01    0.4714422569E+01
         261    0.3850184925E+01    0.7377844296E+03
         262    0.3323141240E+01   -0.3951459531E+01
         263    0.4065505464E+01    0.3756828572E-01
         264    0.1954225812E+00    0.3214094203E+01
         265    0.3424899699E+01    0.3685475595E+01
         266    0.1973343116E+01    0.3723317061E+00
         267    0.3607507876E+01    0.3737363788E+00
         268    0.3226165852E+01   -0.5828642730E-01
         269    0.2991499661E+01    0.6330175472E+01
         270    0.3843661561E+01   -0.6412079568E+00
         271    0.5120270672E+01   -0.6663393875E-03
         272    0.3199029402E+01    0.1431688883E+00
         273    0.3487755087E+01    0.1824496056E-01
         274    0.3202452615E+01    0.4741105887E-01
         275    0.3586569631E+01    0.2392645955E-04
         276    0.3365067907E+01   -0.3735230716E+01
         277    0.2943178592E+01    0.1389429312E+03
         278   -0.1350836659E+03    0.1380286680E+03
         279    0.3848391577E+01   -0.1892277541E+02
         280    0.3873631513E+01    0.2241405204E-03
         281    0.3259882639E+01    0.9463417326E-01
         282    0.1464787127E+01    0.1401251715E-01
         283    0.3493260083E+01    0.6689453293E+01
         284    0.3221596876E+01    0.9321005299E-03
         285    0.2714851715E+01    0.3438509586E+01
         286    0.3057953659E+01    0.2539570198E+00
         287    0.3584365259E+01    0.1037455159E-01
         288    0.6043379799E+01   -0.3181218689E-01
         289    0.2557345672E+01    0.5350287575E-01
         290    0.3846535328E+01    0.4069403950E-03
         291   -0.5193629244E-01    0.5167254341E+02
         292    0.3880764443E+01    0.9957342878E-02
         293    0.4543583185E+01   -0.4622168477E-02
         294    0.3027512132E+01   -0.6202676888E-01
         295    0.5021663917E+01   -0.4945775692E-01
         296    0.2368681750E+01    0.1903747728E+00
         297    0.3937878496E+01    0.1212927816E+00
         298    0.4061554651E+01   -0.1184341964E+00
         299    0.5876098206E+01   -0.4588735261E-01
         300    0.3090652789E+01    0.4667669633E+02
         301    0.4858092934E+01   -0.2938423523E-01
         302    0.3659641951E+01    0.9728762060E-01
         303    0.5115277186E+01   -0.1807163901E-02
         304    0.5373247994E+01   -0.1521860115E-01
         305    0.4632241856E+01   -0.7115957623E+00
         306    0.3076613092E+01    0.5611618682E-01
         307   -0.5166064474E+00   -0.2209397213E+02
         308    0.3568302284E+01    0.5878984075E+03
         309    0.3674684124E+01    0.3768981878E+00
         310    0.3829390510E+01    0.3227301196E+00
         311    0.3637703266E+01    0.1039175106E+02
         312    0.3279113084E+01    0.6055334656E+00
         313    0.3810264411E+01    0.3262513813E+00
         314    0.2752107515E+01    0.2369478579E+01
         315    0.5021337401E+01   -0.2608231270E-01
         316    0.3304795287E+01    0.9369888577E-03
         317    0.5159581748E+01   -0.9141905229E+00
         318    0.3084533593E+01    0.5717039459E-01
         319    0.2747940505E+01    0.7152317585E+01
         320    0.3192634127E+01   -0.5022159033E+01
         321    0.8546550342E+01   -0.3515932552E+00
         322    0.3323369899E+01   -0.5359587756E-01
         323    0.3924981104E+01    0.3995449513E+02
         324    0.4093319444E+01    0.1282885862E+00
         325    0.5962138715E+01   -0.7266542820E+01
         326    0.4577443246E+01   -0.2410712632E-01
         327    0.3494096823E+01    0.3342842667E+02
         328    0.2693974924E+01    0.9561740850E+00
         329    0.5123655079E+01   -0.6112114164E-01
         330    0.3381731560E+01    0.1269688060E+03
         331    0.3656941207E+01    0.3625271682E+00
         332    0.2641444596E+01    0.1467821259E+03
         333    0.4781467069E+01   -0.2497681199E-03
         334    0.3158578896E+01    0.5183347820E-01
         335    0.4537059035E+00    0.3034557295E+00
         336    0.3775468655E+01    0.8389788010E-01
         337    0.3052050151E+01    0.8054977057E+02
         338    0.8529581401E+01   -0.1402851070E+00
         339    0.2618456704E+01    0.1784311892E+00
         340    0.4077277201E+01    0.1173999153E-01
         341    0.4812469949E+01   -0.7902592141E+01
         342    0.2897081512E+01    0.1185190818E+03
         343    0.5897540592E+01   -0.2906903246E+00
         344    0.2758485774E+01    0.6098819315E-02
         345    0.3095618065E+01    0.2849220773E-01
         346    0.3764460465E+01    0.4742091052E-01
         347    0.4078418112E+01    0.5322790373E-01
         348    0.3554976145E+01    0.1515914599E+00
         349    0.4033172787E+01    0.1668066042E+00
         350    0.3787033396E+01    0.1797922976E+00
         351    0.8018330985E+01   -0.4622965760E+02
         352    0.3852036432E+01    0.2059561107E+00
         353    0.2582999066E+01    0.8241697387E-02
         354    0.3715399296E+01    0.2056224468E+03
         355    0.2952318869E+01    0.4399412717E+02
         356   -0.3948879058E+02    0.4246654977E+02
         357    0.2925910481E+01    0.2009292082E+02
         358    0.4082907650E+01    0.1415753631E+00
         359   -0.6235377889E+00    0.1467058739E+03
         360    0.3712599229E+01    0.7288998837E-01
         361    0.3081802703E+01    0.9802858248E+02
         362    0.3187927342E+01    0.3210632055E-01
         363    0.7462367630E+01   -0.1159571342E+01
         364    0.3588155463E+01    0.4798630600E-02
         365    0.4081005132E+01    0.2064162609E-01
         366    0.4090132775E+01    0.2439317649E-02
         367    0.4150012683E+01    0.1754047553E-03
         368    0.2696804800E+01   -0.1220418814E+00
         369    0.5106695612E+01   -0.1523349408E-02
         370    0.4850358827E+01   -0.5486410153E-02
         371    0.3691069021E+01    0.6118777873E+03
         372    0.5638286135E+01   -0.2694407896E+00
         373    0.4935660914E+01    0.8530398759E-02
         374    0.5176482691E+01   -0.6706299041E-04
         375    0.2897000721E+01    0.3056697137E+00
         376    0.4075999385E+01    0.9385709809E-01
         377    0.3553407805E+01    0.1150184187E+04
         378    0.4690625779E+01   -0.4168908937E-03
         379    0.3758534257E+01    0.3319118443E+02
         380    0.4169130230E+01    0.3512563263E+00
         381    0.5257962320E+01   -0.3352761746E-02
         382    0.1586599281E+01    0.4465611405E+00
         383    0.3282322064E+01    0.6752351153E-02
         384    0.5158617381E+01   -0.1119351241E+01
         385    0.5434669902E+01   -0.1019782868E+00
         386    0.3020196710E+01    0.3628306591E+03
         387    0.3750982399E+01    0.3060471186E+02
         388    0.4031318680E+01    0.1379525339E-01
         389    0.2910679973E+01    0.3769815051E+01
         390    0.5724813145E+01   -0.1872783252E-01
         391    0.2533249472E+01    0.4339570752E+00
         392    0.4013612358E+01    0.6198294384E-01
         393    0.5179565290E+01   -0.7638094724E-02
         394    0.3541474103E+01    0.2801596384E-01
         395    0.3307586116E+01    0.8099727734E+00
         396    0.4859565387E+01   -0.1972366160E-03
         397    0.3667571597E+01    0.2837354028E-01
         398    0.3589966735E+01    0.9912275965E-02
         399    0.4819544540E+01   -0.9843869997E+00
         400    0.3756713397E+01    0.2220421110E+00
