        Rank        RMSE       MaxAE  Feature_ID
           1    1.287608    2.405561  (       3)
           2    1.313893    2.409763  (      10)
           3    1.307361    2.421657  (       8)
           4    1.327749    2.433690  (      14)
           5    1.305469    2.462321  (       7)
           6    1.332443    2.598457  (      17)
           7    1.276216    2.607902  (       2)
           8    1.352327    2.629113  (      22)
           9    1.362360    2.636679  (      24)
          10    1.250469    2.648150  (       1)
          11    1.432625    2.684692  (      62)
          12    1.419688    2.695388  (      44)
          13    1.478047    2.700088  (     258)
          14    1.375747    2.711161  (      26)
          15    1.410252    2.715234  (      40)
          16    1.481464    2.716004  (     306)
          17    1.485351    2.716474  (     375)
          18    1.487333    2.717943  (     395)
          19    1.481586    2.728748  (     308)
          20    1.450684    2.730693  (      93)
          21    1.445692    2.731155  (      81)
          22    1.431344    2.731947  (      59)
          23    1.444816    2.732359  (      77)
          24    1.437847    2.736521  (      68)
          25    1.479638    2.740527  (     284)
          26    1.491869    2.743036  (     464)
          27    1.352790    2.744148  (      23)
          28    1.466180    2.746515  (     162)
          29    1.487800    2.746868  (     401)
          30    1.467152    2.746959  (     171)
          31    1.478856    2.748209  (     269)
          32    1.473549    2.752212  (     206)
          33    1.449707    2.755431  (      92)
          34    1.498894    2.759978  (     694)
          35    1.307392    2.761631  (       9)
          36    1.464113    2.762333  (     152)
          37    1.463278    2.769912  (     148)
          38    1.476102    2.771014  (     239)
          39    1.493685    2.773163  (     515)
          40    1.330264    2.774172  (      15)
          41    1.292200    2.774392  (       5)
          42    1.459765    2.777694  (     126)
          43    1.454677    2.777940  (     105)
          44    1.497865    2.778786  (     654)
          45    1.500608    2.783792  (     764)
          46    1.332995    2.784725  (      18)
          47    1.497970    2.785037  (     660)
          48    1.482524    2.787075  (     325)
          49    1.481866    2.787398  (     310)
          50    1.385387    2.788003  (      32)
          51    1.488784    2.788640  (     418)
          52    1.498554    2.788827  (     679)
          53    1.494826    2.789705  (     545)
          54    1.497474    2.794604  (     630)
          55    1.487021    2.795476  (     391)
          56    1.497724    2.796296  (     644)
          57    1.427272    2.798046  (      56)
          58    1.400590    2.798806  (      36)
          59    1.462973    2.798914  (     144)
          60    1.486310    2.799174  (     383)
          61    1.459039    2.801079  (     122)
          62    1.483796    2.802246  (     345)
          63    1.468277    2.802829  (     177)
          64    1.487652    2.805348  (     399)
          65    1.391153    2.806542  (      33)
          66    1.496726    2.807243  (     613)
          67    1.478136    2.808727  (     261)
          68    1.475072    2.813391  (     224)
          69    1.460829    2.814983  (     131)
          70    1.429298    2.816613  (      58)
          71    1.481954    2.818001  (     313)
          72    1.474941    2.819648  (     220)
          73    1.499242    2.820193  (     707)
          74    1.459963    2.822579  (     129)
          75    1.474112    2.826932  (     212)
          76    1.493864    2.827830  (     522)
          77    1.488425    2.828134  (     413)
          78    1.488388    2.829863  (     412)
          79    1.492461    2.830500  (     484)
          80    1.426331    2.830956  (      54)
          81    1.492016    2.831114  (     472)
          82    1.495103    2.833450  (     552)
          83    1.394003    2.833943  (      34)
          84    1.458820    2.835463  (     120)
          85    1.414987    2.835959  (      42)
          86    1.485006    2.838071  (     369)
          87    1.489443    2.838168  (     425)
          88    1.482731    2.838598  (     330)
          89    1.496224    2.838895  (     592)
          90    1.489124    2.841608  (     423)
          91    1.491091    2.843153  (     448)
          92    1.494672    2.844331  (     542)
          93    1.478123    2.851325  (     260)
          94    1.465078    2.852091  (     156)
          95    1.314649    2.852499  (      11)
          96    1.497937    2.852506  (     658)
          97    1.492183    2.853286  (     475)
          98    1.465446    2.856861  (     159)
          99    1.489648    2.857251  (     429)
         100    1.482276    2.857313  (     321)
         101    1.491979    2.857855  (     469)
         102    1.494277    2.858996  (     535)
         103    1.422458    2.859718  (      49)
         104    1.474288    2.861412  (     213)
         105    1.482842    2.861867  (     331)
         106    1.457293    2.864023  (     112)
         107    1.396284    2.864918  (      35)
         108    1.412971    2.864961  (      41)
         109    1.482622    2.867851  (     328)
         110    1.466730    2.870307  (     169)
         111    1.494100    2.870738  (     528)
         112    1.483051    2.871089  (     335)
         113    1.492877    2.872150  (     494)
         114    1.470973    2.872606  (     191)
         115    1.499972    2.872716  (     738)
         116    1.448995    2.872730  (      90)
         117    1.380022    2.873199  (      27)
         118    1.455780    2.873447  (     110)
         119    1.317204    2.873515  (      12)
         120    1.405495    2.874375  (      38)
         121    1.347960    2.876153  (      21)
         122    1.488878    2.877041  (     420)
         123    1.421477    2.877469  (      47)
         124    1.497697    2.877861  (     642)
         125    1.491560    2.879066  (     458)
         126    1.491982    2.879176  (     470)
         127    1.451241    2.881720  (      94)
         128    1.499677    2.881795  (     727)
         129    1.494039    2.882658  (     526)
         130    1.497153    2.886101  (     620)
         131    1.455331    2.886489  (     109)
         132    1.495114    2.888373  (     553)
         133    1.441637    2.888699  (      74)
         134    1.467516    2.889330  (     175)
         135    1.403133    2.892757  (      37)
         136    1.482688    2.893561  (     329)
         137    1.482155    2.893607  (     317)
         138    1.487088    2.893653  (     392)
         139    1.480310    2.895312  (     290)
         140    1.433993    2.895429  (      63)
         141    1.493076    2.896013  (     497)
         142    1.494129    2.898076  (     529)
         143    1.484065    2.898760  (     349)
         144    1.482957    2.901561  (     334)
         145    1.494996    2.901821  (     550)
         146    1.451454    2.905298  (      95)
         147    1.470637    2.905663  (     189)
         148    1.473911    2.906542  (     209)
         149    1.478146    2.906762  (     262)
         150    1.474790    2.906990  (     218)
         151    1.472518    2.908123  (     201)
         152    1.419833    2.908482  (      45)
         153    1.466350    2.909423  (     165)
         154    1.494327    2.909934  (     537)
         155    1.457734    2.911873  (     115)
         156    1.464326    2.913944  (     153)
         157    1.495549    2.913961  (     567)
         158    1.497803    2.918465  (     648)
         159    1.475056    2.919119  (     223)
         160    1.480611    2.919242  (     298)
         161    1.483783    2.919753  (     343)
         162    1.463793    2.920336  (     150)
         163    1.451842    2.921525  (      96)
         164    1.457851    2.922531  (     118)
         165    1.485508    2.922555  (     378)
         166    1.500372    2.922772  (     751)
         167    1.496073    2.924934  (     586)
         168    1.463069    2.925804  (     145)
         169    1.497675    2.926705  (     640)
         170    1.368347    2.927217  (      25)
         171    1.487783    2.930758  (     400)
         172    1.495425    2.930852  (     561)
         173    1.482025    2.932086  (     316)
         174    1.447538    2.932087  (      87)
         175    1.500956    2.932768  (     780)
         176    1.461978    2.933939  (     138)
         177    1.455002    2.934054  (     108)
         178    1.485454    2.937363  (     376)
         179    1.443318    2.937401  (      75)
         180    1.475210    2.937460  (     226)
         181    1.457734    2.940167  (     116)
         182    1.495351    2.940304  (     557)
         183    1.462552    2.940660  (     142)
         184    1.471700    2.940887  (     198)
         185    1.466661    2.940984  (     168)
         186    1.487866    2.941763  (     402)
         187    1.495897    2.942418  (     580)
         188    1.448866    2.942518  (      89)
         189    1.493208    2.943133  (     504)
         190    1.492845    2.944013  (     493)
         191    1.488011    2.944420  (     404)
         192    1.475885    2.946320  (     237)
         193    1.458339    2.946638  (     119)
         194    1.469610    2.946676  (     184)
         195    1.496909    2.947539  (     614)
         196    1.495749    2.950038  (     573)
         197    1.501361    2.950819  (     793)
         198    1.500582    2.951390  (     762)
         199    1.500248    2.951627  (     749)
         200    1.445971    2.952600  (      84)
         201    1.497975    2.953079  (     661)
         202    1.331606    2.953368  (      16)
         203    1.496073    2.953999  (     587)
         204    1.495847    2.954081  (     577)
         205    1.486470    2.954456  (     385)
         206    1.495361    2.955218  (     559)
         207    1.500450    2.955432  (     757)
         208    1.490175    2.955642  (     437)
         209    1.492941    2.955654  (     496)
         210    1.482571    2.956718  (     326)
         211    1.499334    2.957718  (     711)
         212    1.454166    2.958475  (     101)
         213    1.461894    2.959766  (     137)
         214    1.425198    2.960820  (      53)
         215    1.482367    2.961144  (     324)
         216    1.475389    2.961797  (     231)
         217    1.482582    2.962277  (     327)
         218    1.439967    2.962383  (      73)
         219    1.499656    2.963510  (     725)
         220    1.496705    2.963828  (     611)
         221    1.346941    2.964565  (      20)
         222    1.446882    2.965349  (      86)
         223    1.494429    2.966053  (     538)
         224    1.454280    2.968365  (     102)
         225    1.499864    2.969018  (     735)
         226    1.475407    2.971137  (     233)
         227    1.487348    2.972286  (     396)
         228    1.481577    2.972664  (     307)
         229    1.475964    2.973055  (     238)
         230    1.499447    2.973066  (     714)
         231    1.497598    2.973197  (     633)
         232    1.445723    2.973349  (      82)
         233    1.452995    2.975150  (      98)
         234    1.500557    2.975937  (     760)
         235    1.437893    2.976641  (      69)
         236    1.499787    2.976890  (     730)
         237    1.472349    2.977056  (     200)
         238    1.501265    2.977712  (     791)
         239    1.490956    2.977930  (     446)
         240    1.480330    2.979427  (     291)
         241    1.484059    2.979587  (     348)
         242    1.500806    2.981230  (     775)
         243    1.479652    2.983187  (     285)
         244    1.496271    2.983541  (     594)
         245    1.439553    2.984816  (      72)
         246    1.501494    2.987265  (     800)
         247    1.486773    2.989362  (     388)
         248    1.489945    2.989493  (     436)
         249    1.454767    2.990615  (     106)
         250    1.458869    2.990626  (     121)
         251    1.477932    2.990694  (     256)
         252    1.467462    2.990933  (     174)
         253    1.499312    2.991112  (     710)
         254    1.498341    2.992707  (     671)
         255    1.445725    2.993061  (      83)
         256    1.479104    2.993715  (     274)
         257    1.496319    2.994159  (     595)
         258    1.499827    2.995641  (     732)
         259    1.381542    2.995735  (      28)
         260    1.493762    2.996624  (     519)
         261    1.483857    2.998449  (     346)
         262    1.495821    3.001112  (     575)
         263    1.467799    3.001744  (     176)
         264    1.494876    3.004077  (     547)
         265    1.500584    3.004516  (     763)
         266    1.464681    3.004985  (     155)
         267    1.479024    3.006607  (     272)
         268    1.501451    3.007683  (     796)
         269    1.484512    3.007823  (     357)
         270    1.496446    3.008388  (     598)
         271    1.491319    3.009561  (     452)
         272    1.486617    3.009870  (     386)
         273    1.421492    3.010289  (      48)
         274    1.487240    3.010730  (     394)
         275    1.479173    3.011050  (     275)
         276    1.496977    3.011103  (     616)
         277    1.471395    3.012108  (     196)
         278    1.471142    3.012843  (     194)
         279    1.494170    3.013278  (     531)
         280    1.499615    3.021484  (     721)
         281    1.494848    3.022331  (     546)
         282    1.434137    3.022537  (      64)
         283    1.482281    3.022690  (     322)
         284    1.487414    3.023608  (     397)
         285    1.501492    3.023987  (     799)
         286    1.457806    3.025825  (     117)
         287    1.479481    3.026558  (     282)
         288    1.484670    3.026857  (     364)
         289    1.468334    3.029487  (     178)
         290    1.459699    3.029555  (     125)
         291    1.415213    3.030131  (      43)
         292    1.497888    3.032593  (     656)
         293    1.493883    3.034007  (     523)
         294    1.500290    3.034278  (     750)
         295    1.497624    3.036241  (     637)
         296    1.462367    3.037775  (     141)
         297    1.500402    3.038041  (     755)
         298    1.496955    3.040278  (     615)
         299    1.492262    3.042339  (     478)
         300    1.474860    3.042791  (     219)
         301    1.479075    3.043430  (     273)
         302    1.432051    3.043720  (      60)
         303    1.498762    3.045056  (     689)
         304    1.491696    3.045655  (     460)
         305    1.495716    3.046727  (     572)
         306    1.498694    3.046803  (     686)
         307    1.381552    3.047920  (      29)
         308    1.484579    3.048989  (     361)
         309    1.464056    3.051099  (     151)
         310    1.498558    3.051105  (     681)
         311    1.482320    3.052045  (     323)
         312    1.489480    3.052395  (     426)
         313    1.486185    3.053785  (     382)
         314    1.501302    3.055605  (     792)
         315    1.479449    3.055827  (     281)
         316    1.480536    3.056591  (     296)
         317    1.484085    3.056643  (     350)
         318    1.500133    3.057306  (     745)
         319    1.500632    3.057643  (     766)
         320    1.490735    3.059926  (     442)
         321    1.422728    3.060376  (      50)
         322    1.495532    3.060789  (     566)
         323    1.500579    3.063726  (     761)
         324    1.493084    3.065203  (     498)
         325    1.490528    3.067333  (     440)
         326    1.494295    3.067571  (     536)
         327    1.499669    3.067807  (     726)
         328    1.481891    3.068168  (     312)
         329    1.479838    3.070257  (     286)
         330    1.480917    3.071129  (     302)
         331    1.459570    3.074123  (     124)
         332    1.454790    3.074376  (     107)
         333    1.484985    3.075397  (     368)
         334    1.500624    3.075429  (     765)
         335    1.429175    3.077421  (      57)
         336    1.491957    3.079792  (     468)
         337    1.489570    3.080628  (     428)
         338    1.445347    3.080755  (      80)
         339    1.459921    3.080956  (     128)
         340    1.500017    3.081539  (     743)
         341    1.493567    3.082091  (     513)
         342    1.466015    3.082738  (     161)
         343    1.493755    3.084379  (     518)
         344    1.483760    3.084818  (     342)
         345    1.495941    3.085396  (     583)
         346    1.493280    3.086048  (     505)
         347    1.499564    3.086241  (     719)
         348    1.492540    3.086952  (     487)
         349    1.495442    3.088175  (     563)
         350    1.490818    3.089078  (     443)
         351    1.436473    3.090214  (      66)
         352    1.500752    3.091212  (     773)
         353    1.424897    3.092593  (      52)
         354    1.484764    3.092639  (     366)
         355    1.497233    3.093506  (     623)
         356    1.497339    3.093992  (     627)
         357    1.463108    3.094625  (     146)
         358    1.498940    3.095163  (     698)
         359    1.426366    3.096960  (      55)
         360    1.445077    3.097880  (      79)
         361    1.481329    3.097908  (     304)
         362    1.459288    3.098401  (     123)
         363    1.452072    3.099324  (      97)
         364    1.421416    3.100652  (      46)
         365    1.497886    3.101132  (     655)
         366    1.498739    3.102872  (     688)
         367    1.489684    3.103005  (     431)
         368    1.489225    3.103896  (     424)
         369    1.493435    3.104115  (     509)
         370    1.495094    3.104763  (     551)
         371    1.500716    3.105593  (     770)
         372    1.489724    3.107097  (     432)
         373    1.493415    3.108675  (     508)
         374    1.480359    3.110859  (     292)
         375    1.496036    3.111129  (     585)
         376    1.493792    3.111302  (     521)
         377    1.499568    3.111657  (     720)
         378    1.496559    3.111848  (     600)
         379    1.492935    3.112090  (     495)
         380    1.498634    3.112596  (     682)
         381    1.491928    3.113098  (     467)
         382    1.494543    3.113100  (     539)
         383    1.499223    3.113822  (     706)
         384    1.490945    3.114168  (     445)
         385    1.488348    3.114504  (     411)
         386    1.473768    3.114995  (     207)
         387    1.471052    3.115121  (     192)
         388    1.488093    3.116077  (     406)
         389    1.488177    3.116200  (     408)
         390    1.478904    3.116426  (     271)
         391    1.449482    3.116779  (      91)
         392    1.476972    3.116979  (     247)
         393    1.489915    3.117211  (     435)
         394    1.438081    3.117220  (      70)
         395    1.488344    3.118206  (     410)
         396    1.491582    3.118256  (     459)
         397    1.499678    3.119323  (     728)
         398    1.500732    3.120615  (     771)
         399    1.496205    3.123243  (     591)
         400    1.492838    3.123249  (     492)
