     Index              y_true              y_pred        descriptor_1
         1    0.2271377974E+01    0.3292001407E+01    0.5283839943E+02
         2    0.1588008659E+01    0.3292001407E+01    0.5283839943E+02
         3    0.2209839639E+01    0.3292001407E+01    0.5283839943E+02
         4    0.2463148154E+01    0.1573551373E+01    0.1130983572E+03
         5    0.2329749567E+01    0.1573551373E+01    0.1130983572E+03
         6    0.2429485571E+01    0.1573551373E+01    0.1130983572E+03
         7    0.6244289053E+01    0.4793426717E+01    0.1887302813E+00
         8    0.4424606403E+01    0.4793426717E+01    0.1887302813E+00
         9    0.4468437780E+01    0.4793426717E+01    0.1887302813E+00
        10    0.6714303958E+01    0.4774119404E+01    0.8657693972E+00
        11    0.5011133502E+01    0.4774119404E+01    0.8657693972E+00
        12    0.2724903409E+01    0.4774119404E+01    0.8657693972E+00
        13    0.5539162781E+01    0.4758385775E+01    0.1417492043E+01
        14    0.4470408025E+01    0.4758385775E+01    0.1417492043E+01
        15    0.3854569041E+01    0.4758385775E+01    0.1417492043E+01
        16    0.5433290198E+01    0.5498724955E+01   -0.2454358149E+02
        17    0.5986508388E+01    0.5498724955E+01   -0.2454358149E+02
        18    0.1563619794E+01    0.3292001407E+01    0.5283839943E+02
        19    0.1964216946E+01    0.3292001407E+01    0.5283839943E+02
        20    0.1808413781E+01    0.3292001407E+01    0.5283839943E+02
        21    0.1960124213E+01    0.1573551373E+01    0.1130983572E+03
        22    0.2340015836E+01    0.1573551373E+01    0.1130983572E+03
        23    0.1879607244E+01    0.1573551373E+01    0.1130983572E+03
        24    0.4328128024E+01    0.4798222822E+01    0.2054787726E-01
        25    0.3626033808E+01    0.4798128127E+01    0.2386847749E-01
        26    0.4970470299E+01    0.3764562724E+01    0.3626734736E+02
        27    0.4463562762E+01    0.4798683801E+01    0.4382970809E-02
        28    0.4034214553E+01    0.4798666218E+01    0.4999522606E-02
        29    0.5483972841E+01    0.4787517114E+01    0.3959591262E+00
        30    0.6184184368E+01    0.4793426717E+01    0.1887302813E+00
        31    0.4315178502E+01    0.4793426717E+01    0.1887302813E+00
        32    0.4287108980E+01    0.4793426717E+01    0.1887302813E+00
        33    0.4627970425E+01    0.4758385775E+01    0.1417492043E+01
        34    0.4523332783E+01    0.4758385775E+01    0.1417492043E+01
        35    0.3576461963E+01    0.4758385775E+01    0.1417492043E+01
        36    0.6058052797E+01    0.4774119404E+01    0.8657693972E+00
        37    0.6013650450E+01    0.4774119404E+01    0.8657693972E+00
        38    0.5213692565E+01    0.4774119404E+01    0.8657693972E+00
        39    0.5816440504E+01    0.5498724955E+01   -0.2454358149E+02
        40    0.5664073810E+01    0.5498724955E+01   -0.2454358149E+02
        41    0.4602333652E+01    0.5498724955E+01   -0.2454358149E+02
        42    0.4800734589E+01    0.4712378417E+01    0.3030807173E+01
        43    0.3988366624E+01    0.4798265474E+01    0.1905221969E-01
        44    0.3917392518E+01    0.4797359308E+01    0.5082825543E-01
        45    0.5599596850E+01    0.4794595953E+01    0.1477293215E+00
        46    0.4651035323E+01    0.4798713395E+01    0.3345200142E-02
        47    0.4346187420E+01    0.4798500537E+01    0.1080939676E-01
        48    0.4782409055E+01    0.4712378417E+01    0.3030807173E+01
        49    0.4771205320E+01    0.4796447910E+01    0.8278774718E-01
        50    0.5203527312E+01    0.4799415884E+01   -0.2128858195E-01
        51    0.5337295524E+01    0.4787517114E+01    0.3959591262E+00
        52    0.6293181457E+01    0.4793426717E+01    0.1887302813E+00
        53    0.3887295424E+01    0.4793426717E+01    0.1887302813E+00
        54    0.3689597479E+01    0.4793426717E+01    0.1887302813E+00
        55    0.6645078972E+01    0.4774119404E+01    0.8657693972E+00
        56    0.5300603221E+01    0.4758385775E+01    0.1417492043E+01
        57    0.5030830694E+01    0.4758385775E+01    0.1417492043E+01
        58    0.5131545825E+01    0.4758385775E+01    0.1417492043E+01
        59    0.6523022301E+01    0.5498724955E+01   -0.2454358149E+02
        60    0.5631049445E+01    0.5498724955E+01   -0.2454358149E+02
        61    0.5307607378E+01    0.5498724955E+01   -0.2454358149E+02
        62    0.4730528299E+01    0.5498724955E+01   -0.2454358149E+02
        63    0.1605877655E+01    0.3292001407E+01    0.5283839943E+02
        64    0.2562581276E+01    0.3292001407E+01    0.5283839943E+02
        65    0.1423007374E+01    0.3292001407E+01    0.5283839943E+02
        66    0.1548754523E+01    0.1573551373E+01    0.1130983572E+03
        67    0.2497220519E+01    0.1573551373E+01    0.1130983572E+03
        68    0.2036421682E+01    0.1573551373E+01    0.1130983572E+03
        69    0.1696293082E+01    0.3292001407E+01    0.5283839943E+02
        70    0.2393978169E+01    0.3292001407E+01    0.5283839943E+02
        71    0.1842956209E+01    0.3292001407E+01    0.5283839943E+02
        72    0.2115742695E+01    0.1573551373E+01    0.1130983572E+03
        73    0.2324315410E+01    0.1573551373E+01    0.1130983572E+03
        74    0.6023370389E+01    0.4793426717E+01    0.1887302813E+00
        75    0.4537062608E+01    0.4793426717E+01    0.1887302813E+00
        76    0.3214799793E+01    0.4793426717E+01    0.1887302813E+00
        77    0.6375504982E+01    0.4774119404E+01    0.8657693972E+00
        78    0.6142036210E+01    0.4774119404E+01    0.8657693972E+00
        79    0.5432554827E+01    0.4774119404E+01    0.8657693972E+00
        80    0.5236543012E+01    0.4758385775E+01    0.1417492043E+01
        81    0.5417162109E+01    0.4758385775E+01    0.1417492043E+01
        82    0.6817073092E+01    0.5498724955E+01   -0.2454358149E+02
        83    0.6398742919E+01    0.5498724955E+01   -0.2454358149E+02
        84    0.7117395296E+01    0.5498724955E+01   -0.2454358149E+02
        85    0.2341269868E+01    0.3292001407E+01    0.5283839943E+02
        86    0.1686086439E+01    0.3292001407E+01    0.5283839943E+02
        87    0.1962004355E+01    0.3292001407E+01    0.5283839943E+02
        88    0.2711951359E+01    0.1573551373E+01    0.1130983572E+03
        89    0.2042803707E+01    0.1573551373E+01    0.1130983572E+03
        90    0.2065608799E+01    0.1573551373E+01    0.1130983572E+03
        91    0.4551475838E+01    0.4802535274E+01   -0.1306745420E+00
        92    0.4690470077E+01    0.4796447910E+01    0.8278774718E-01
        93    0.3520095171E+01    0.4798068523E+01    0.2595858352E-01
        94    0.4630992305E+01    0.4799415884E+01   -0.2128858195E-01
        95    0.5290320619E+01    0.4798429203E+01    0.1331080127E-01
        96    0.4134395041E+01    0.4798633616E+01    0.6142775300E-02
        97    0.5969642723E+01    0.4793426717E+01    0.1887302813E+00
        98    0.4572972107E+01    0.4793426717E+01    0.1887302813E+00
        99    0.3516069293E+01    0.4793426717E+01    0.1887302813E+00
       100    0.4235459161E+01    0.4758385775E+01    0.1417492043E+01
       101    0.5355879366E+01    0.4758385775E+01    0.1417492043E+01
       102    0.6570992021E+01    0.4774119404E+01    0.8657693972E+00
       103    0.5594921286E+01    0.4774119404E+01    0.8657693972E+00
       104    0.6581941225E+01    0.4774119404E+01    0.8657693972E+00
       105    0.6347028560E+01    0.5498724955E+01   -0.2454358149E+02
       106    0.5358477578E+01    0.5498724955E+01   -0.2454358149E+02
       107    0.6194619891E+01    0.5498724955E+01   -0.2454358149E+02
       108    0.4444378266E+01    0.4792726122E+01    0.2132976687E+00
       109    0.4410651530E+01    0.4792203111E+01    0.2316378090E+00
       110    0.4523354721E+01    0.4794541621E+01    0.1496345373E+00
       111    0.4072196491E+01    0.4797864786E+01    0.3310290598E-01
       112    0.4796419169E+01    0.4797710694E+01    0.3850639733E-01
       113    0.4767996235E+01    0.4798121715E+01    0.2409333321E-01
       114    0.4716535002E+01    0.4792726122E+01    0.2132976687E+00
       115    0.4535834564E+01    0.4792203111E+01    0.2316378090E+00
       116    0.4635133763E+01    0.4794541621E+01    0.1496345373E+00
       117    0.5004303233E+01    0.4794595953E+01    0.1477293215E+00
       118    0.4770044727E+01    0.4798429203E+01    0.1331080127E-01
       119    0.3961487736E+01    0.4798633616E+01    0.6142775300E-02
       120    0.6417723431E+01    0.4774119404E+01    0.8657693972E+00
       121    0.5867241689E+01    0.4793426717E+01    0.1887302813E+00
       122    0.4803881267E+01    0.4793426717E+01    0.1887302813E+00
       123    0.3905669365E+01    0.4793426717E+01    0.1887302813E+00
       124    0.6377828005E+01    0.4774119404E+01    0.8657693972E+00
       125    0.5937513434E+01    0.4774119404E+01    0.8657693972E+00
       126    0.3314447090E+01    0.4758385775E+01    0.1417492043E+01
       127    0.3768005716E+01    0.4758385775E+01    0.1417492043E+01
       128    0.3064709989E+01    0.4758385775E+01    0.1417492043E+01
       129    0.6830337149E+01    0.5498724955E+01   -0.2454358149E+02
       130    0.5733969426E+01    0.5498724955E+01   -0.2454358149E+02
       131    0.2126567246E+01    0.3292001407E+01    0.5283839943E+02
       132    0.1912019945E+01    0.3292001407E+01    0.5283839943E+02
       133    0.2030780700E+01    0.3292001407E+01    0.5283839943E+02
       134    0.2311684118E+01    0.1573551373E+01    0.1130983572E+03
       135    0.2172653965E+01    0.1573551373E+01    0.1130983572E+03
       136    0.2342079464E+01    0.1573551373E+01    0.1130983572E+03
       137    0.1997014787E+01    0.3292001407E+01    0.5283839943E+02
       138    0.2117075344E+01    0.3292001407E+01    0.5283839943E+02
       139    0.2768793192E+01    0.1573551373E+01    0.1130983572E+03
       140    0.1793038091E+01    0.1573551373E+01    0.1130983572E+03
       141    0.2870550432E+01    0.1573551373E+01    0.1130983572E+03
       142    0.6227888685E+01    0.4793426717E+01    0.1887302813E+00
       143    0.4806968304E+01    0.4793426717E+01    0.1887302813E+00
       144    0.5747555556E+01    0.4793426717E+01    0.1887302813E+00
       145    0.6633241997E+01    0.4774119404E+01    0.8657693972E+00
       146    0.5194494982E+01    0.4774119404E+01    0.8657693972E+00
       147    0.6382826490E+01    0.4774119404E+01    0.8657693972E+00
       148    0.3581515296E+01    0.4758385775E+01    0.1417492043E+01
       149    0.4029499195E+01    0.4758385775E+01    0.1417492043E+01
       150    0.5006098947E+01    0.4758385775E+01    0.1417492043E+01
       151    0.4357243335E+01    0.5498724955E+01   -0.2454358149E+02
       152    0.5238300818E+01    0.5498724955E+01   -0.2454358149E+02
       153    0.5675460698E+01    0.5498724955E+01   -0.2454358149E+02
       154    0.1679042179E+01    0.3292001407E+01    0.5283839943E+02
       155    0.2395729642E+01    0.3292001407E+01    0.5283839943E+02
       156    0.1737415858E+01    0.3292001407E+01    0.5283839943E+02
       157    0.1917367094E+01    0.1573551373E+01    0.1130983572E+03
       158    0.2754131480E+01    0.1573551373E+01    0.1130983572E+03
       159    0.2027842007E+01    0.1573551373E+01    0.1130983572E+03
       160    0.4813046074E+01    0.4712378417E+01    0.3030807173E+01
       161    0.3974776421E+01    0.4798265474E+01    0.1905221969E-01
       162    0.3920541969E+01    0.4797359308E+01    0.5082825543E-01
       163    0.5071202015E+01    0.4794595953E+01    0.1477293215E+00
       164    0.4598321610E+01    0.4798713395E+01    0.3345200142E-02
       165    0.4346024058E+01    0.4798500537E+01    0.1080939676E-01
       166    0.6127085940E+01    0.4793426717E+01    0.1887302813E+00
       167    0.4754208319E+01    0.4793426717E+01    0.1887302813E+00
       168    0.5646512711E+01    0.4793426717E+01    0.1887302813E+00
       169    0.5184954822E+01    0.4758385775E+01    0.1417492043E+01
       170    0.3623681847E+01    0.4758385775E+01    0.1417492043E+01
       171    0.4360052348E+01    0.4758385775E+01    0.1417492043E+01
       172    0.5300369123E+01    0.4774119404E+01    0.8657693972E+00
       173    0.6305918995E+01    0.4774119404E+01    0.8657693972E+00
       174    0.5745542000E+01    0.4774119404E+01    0.8657693972E+00
       175    0.4578679480E+01    0.5498724955E+01   -0.2454358149E+02
       176    0.7231217800E+01    0.5498724955E+01   -0.2454358149E+02
       177    0.5253120612E+01    0.5498724955E+01   -0.2454358149E+02
       178    0.4470730484E+01    0.4798222822E+01    0.2054787726E-01
       179    0.3034834171E+01    0.4798128127E+01    0.2386847749E-01
       180    0.5092112133E+01    0.3764562724E+01    0.3626734736E+02
       181    0.4471742401E+01    0.4798683801E+01    0.4382970809E-02
       182    0.3922537798E+01    0.4798666218E+01    0.4999522606E-02
       183    0.5340951144E+01    0.4787517114E+01    0.3959591262E+00
       184    0.4458777006E+01    0.4798222822E+01    0.2054787726E-01
       185    0.4098065208E+01    0.4798128127E+01    0.2386847749E-01
       186    0.5153421153E+01    0.3764562724E+01    0.3626734736E+02
       187    0.4966878690E+01    0.4797864786E+01    0.3310290598E-01
       188    0.4624259039E+01    0.4797710694E+01    0.3850639733E-01
       189    0.4582592154E+01    0.4798713395E+01    0.3345200142E-02
       190    0.4424409886E+01    0.4798500537E+01    0.1080939676E-01
       191    0.4342834041E+01    0.4793426717E+01    0.1887302813E+00
       192    0.5383132905E+01    0.4793426717E+01    0.1887302813E+00
       193    0.4879111126E+01    0.4774119404E+01    0.8657693972E+00
       194    0.5759951723E+01    0.4774119404E+01    0.8657693972E+00
       195    0.5522228129E+01    0.4774119404E+01    0.8657693972E+00
       196    0.5253460151E+01    0.4774119404E+01    0.8657693972E+00
       197    0.5623999412E+01    0.4758385775E+01    0.1417492043E+01
       198    0.4865340660E+01    0.4758385775E+01    0.1417492043E+01
       199    0.3539576278E+01    0.4758385775E+01    0.1417492043E+01
       200    0.6825937572E+01    0.5498724955E+01   -0.2454358149E+02
       201    0.2145794566E+01    0.3292001407E+01    0.5283839943E+02
       202    0.1792878429E+01    0.3292001407E+01    0.5283839943E+02
       203    0.1941259428E+01    0.1573551373E+01    0.1130983572E+03
       204    0.2275744716E+01    0.1573551373E+01    0.1130983572E+03
       205    0.2017324425E+01    0.1573551373E+01    0.1130983572E+03
       206    0.1561346295E+01    0.3292001407E+01    0.5283839943E+02
       207    0.1890096978E+01    0.3292001407E+01    0.5283839943E+02
       208    0.1710174949E+01    0.3292001407E+01    0.5283839943E+02
       209    0.1733889322E+01    0.1573551373E+01    0.1130983572E+03
       210    0.2403405864E+01    0.1573551373E+01    0.1130983572E+03
       211    0.1789979678E+01    0.1573551373E+01    0.1130983572E+03
       212    0.2944220046E+01    0.4793426717E+01    0.1887302813E+00
       213    0.5213365605E+01    0.4793426717E+01    0.1887302813E+00
       214    0.5790689290E+01    0.4793426717E+01    0.1887302813E+00
       215    0.5600769939E+01    0.4774119404E+01    0.8657693972E+00
       216    0.3947450403E+01    0.4774119404E+01    0.8657693972E+00
       217    0.6093392542E+01    0.4774119404E+01    0.8657693972E+00
       218    0.6210243103E+01    0.4758385775E+01    0.1417492043E+01
       219    0.5007630856E+01    0.4758385775E+01    0.1417492043E+01
       220    0.3258692407E+01    0.4758385775E+01    0.1417492043E+01
       221    0.7079493120E+01    0.5498724955E+01   -0.2454358149E+02
       222    0.5539232561E+01    0.5498724955E+01   -0.2454358149E+02
       223    0.4427263342E+01    0.5498724955E+01   -0.2454358149E+02
       224    0.1675662958E+01    0.3292001407E+01    0.5283839943E+02
       225    0.1911851995E+01    0.3292001407E+01    0.5283839943E+02
       226    0.2074058710E+01    0.3292001407E+01    0.5283839943E+02
       227    0.1889694579E+01    0.1573551373E+01    0.1130983572E+03
       228    0.2235089544E+01    0.1573551373E+01    0.1130983572E+03
       229    0.2391718901E+01    0.1573551373E+01    0.1130983572E+03
       230    0.4551678031E+01    0.4792726122E+01    0.2132976687E+00
       231    0.4407790320E+01    0.4792203111E+01    0.2316378090E+00
       232    0.4394605061E+01    0.4794541621E+01    0.1496345373E+00
       233    0.4872036601E+01    0.4797864786E+01    0.3310290598E-01
       234    0.5071959079E+01    0.4797710694E+01    0.3850639733E-01
       235    0.5136135176E+01    0.4798121715E+01    0.2409333321E-01
       236    0.3197944428E+01    0.4793426717E+01    0.1887302813E+00
       237    0.5059853658E+01    0.4793426717E+01    0.1887302813E+00
       238    0.5342680175E+01    0.4793426717E+01    0.1887302813E+00
       239    0.3197498319E+01    0.4758385775E+01    0.1417492043E+01
       240    0.3767598455E+01    0.4758385775E+01    0.1417492043E+01
       241    0.2815691735E+01    0.4758385775E+01    0.1417492043E+01
       242    0.6867468069E+01    0.4774119404E+01    0.8657693972E+00
       243    0.5333658689E+01    0.4774119404E+01    0.8657693972E+00
       244    0.5209025640E+01    0.4774119404E+01    0.8657693972E+00
       245    0.6603191803E+01    0.5498724955E+01   -0.2454358149E+02
       246    0.5005655022E+01    0.5498724955E+01   -0.2454358149E+02
       247    0.6215337862E+01    0.5498724955E+01   -0.2454358149E+02
       248    0.4410789617E+01    0.4802535274E+01   -0.1306745420E+00
       249    0.4728994418E+01    0.4796447910E+01    0.8278774718E-01
       250    0.3070247734E+01    0.4798068523E+01    0.2595858352E-01
       251    0.5612002702E+01    0.4799415884E+01   -0.2128858195E-01
       252    0.4928066065E+01    0.4798429203E+01    0.1331080127E-01
       253    0.4182844139E+01    0.4798633616E+01    0.6142775300E-02
       254    0.4785902940E+01    0.4802535274E+01   -0.1306745420E+00
       255    0.3827384573E+01    0.4798068523E+01    0.2595858352E-01
       256    0.4551067419E+01    0.4798683801E+01    0.4382970809E-02
       257    0.4312652488E+01    0.4798666218E+01    0.4999522606E-02
       258    0.4742742945E+01    0.4798121715E+01    0.2409333321E-01
       259    0.3630109062E+01    0.4793426717E+01    0.1887302813E+00
       260    0.4515987635E+01    0.4793426717E+01    0.1887302813E+00
       261    0.5674093832E+01    0.4793426717E+01    0.1887302813E+00
       262    0.6365433187E+01    0.4774119404E+01    0.8657693972E+00
       263    0.5661587764E+01    0.4774119404E+01    0.8657693972E+00
       264    0.4816504628E+01    0.4774119404E+01    0.8657693972E+00
       265    0.5613111015E+01    0.4758385775E+01    0.1417492043E+01
       266    0.4449904893E+01    0.4758385775E+01    0.1417492043E+01
       267    0.4607507529E+01    0.5498724955E+01   -0.2454358149E+02
       268    0.7271891038E+01    0.5498724955E+01   -0.2454358149E+02
       269    0.6314310967E+01    0.5498724955E+01   -0.2454358149E+02
       270    0.2328544331E+01    0.3292001407E+01    0.5283839943E+02
       271    0.1347678248E+01    0.3292001407E+01    0.5283839943E+02
       272    0.2476369027E+01    0.3292001407E+01    0.5283839943E+02
       273    0.2654117169E+01    0.1573551373E+01    0.1130983572E+03
       274    0.2043230623E+01    0.1573551373E+01    0.1130983572E+03
       275    0.2579341907E+01    0.1573551373E+01    0.1130983572E+03
