        Rank        RMSE       MaxAE  Feature_ID
           1    1.306777    2.370753  (      54)
           2    1.075667    2.385601  (       1)
           3    1.287608    2.405561  (      34)
           4    1.313893    2.409763  (      65)
           5    1.307361    2.421657  (      55)
           6    1.318218    2.424997  (      69)
           7    1.327749    2.433690  (      87)
           8    1.305469    2.462321  (      52)
           9    1.320500    2.481543  (      72)
          10    1.332978    2.483807  (     103)
          11    1.311283    2.510312  (      62)
          12    1.303098    2.511251  (      48)
          13    1.221009    2.519875  (       4)
          14    1.328930    2.521969  (      89)
          15    1.332649    2.524350  (     102)
          16    1.271908    2.541830  (      23)
          17    1.296470    2.545639  (      43)
          18    1.386286    2.556328  (     247)
          19    1.350526    2.559379  (     141)
          20    1.423347    2.566027  (     519)
          21    1.360076    2.566036  (     162)
          22    1.344524    2.576212  (     122)
          23    1.343851    2.588485  (     121)
          24    1.419210    2.590238  (     468)
          25    1.335721    2.591789  (     108)
          26    1.339170    2.593098  (     112)
          27    1.386188    2.593138  (     246)
          28    1.332443    2.598457  (     100)
          29    1.398371    2.600129  (     301)
          30    1.360156    2.601872  (     163)
          31    1.334137    2.602352  (     106)
          32    1.417583    2.602365  (     447)
          33    1.276216    2.607902  (      25)
          34    1.385180    2.610142  (     237)
          35    1.401326    2.614258  (     318)
          36    1.379429    2.620451  (     222)
          37    1.308486    2.625366  (      58)
          38    1.352327    2.629113  (     144)
          39    1.201308    2.629774  (       2)
          40    1.438490    2.630568  (     781)
          41    1.362360    2.636679  (     169)
          42    1.425513    2.641254  (     550)
          43    1.283533    2.646834  (      29)
          44    1.250469    2.648150  (      15)
          45    1.435932    2.648800  (     714)
          46    1.425229    2.652555  (     546)
          47    1.430460    2.652643  (     619)
          48    1.347549    2.652735  (     132)
          49    1.382811    2.652912  (     231)
          50    1.435648    2.653360  (     709)
          51    1.414950    2.658869  (     413)
          52    1.416477    2.659924  (     433)
          53    1.413151    2.661486  (     396)
          54    1.364294    2.663437  (     173)
          55    1.389140    2.667873  (     259)
          56    1.400778    2.668494  (     315)
          57    1.400501    2.669885  (     311)
          58    1.366374    2.670573  (     179)
          59    1.428349    2.676088  (     591)
          60    1.437746    2.676584  (     751)
          61    1.436396    2.677641  (     722)
          62    1.400422    2.679620  (     310)
          63    1.426496    2.679928  (     561)
          64    1.432625    2.684692  (     649)
          65    1.402673    2.685053  (     326)
          66    1.415005    2.688319  (     415)
          67    1.424073    2.692655  (     530)
          68    1.419688    2.695388  (     471)
          69    1.417378    2.697620  (     445)
          70    1.426983    2.697724  (     568)
          71    1.434596    2.697761  (     691)
          72    1.402779    2.699052  (     327)
          73    1.437680    2.700591  (     748)
          74    1.389903    2.702109  (     265)
          75    1.418470    2.702319  (     461)
          76    1.402117    2.702614  (     322)
          77    1.436409    2.703035  (     723)
          78    1.415484    2.703669  (     423)
          79    1.422103    2.704643  (     504)
          80    1.433346    2.708015  (     664)
          81    1.439197    2.708317  (     794)
          82    1.375747    2.711161  (     208)
          83    1.432661    2.714265  (     651)
          84    1.435655    2.714539  (     710)
          85    1.410252    2.715234  (     379)
          86    1.417946    2.717837  (     452)
          87    1.365601    2.718793  (     176)
          88    1.425223    2.719757  (     545)
          89    1.438090    2.723221  (     763)
          90    1.290467    2.725043  (      38)
          91    1.413643    2.725058  (     403)
          92    1.430590    2.727368  (     620)
          93    1.348144    2.728620  (     135)
          94    1.341299    2.728628  (     117)
          95    1.303648    2.729554  (      49)
          96    1.344736    2.730125  (     123)
          97    1.404244    2.731197  (     334)
          98    1.430854    2.731602  (     625)
          99    1.431344    2.731947  (     636)
         100    1.379340    2.732670  (     221)
         101    1.422178    2.736183  (     506)
         102    1.409073    2.736382  (     366)
         103    1.437847    2.736521  (     757)
         104    1.319309    2.737607  (      71)
         105    1.423772    2.737906  (     525)
         106    1.401538    2.740497  (     319)
         107    1.393755    2.742382  (     282)
         108    1.414924    2.742724  (     412)
         109    1.425847    2.742791  (     554)
         110    1.352790    2.744148  (     145)
         111    1.298891    2.747050  (      46)
         112    1.422042    2.752162  (     503)
         113    1.406541    2.753835  (     351)
         114    1.418133    2.754113  (     456)
         115    1.335759    2.756354  (     109)
         116    1.418682    2.757067  (     463)
         117    1.427915    2.761155  (     579)
         118    1.439255    2.761256  (     795)
         119    1.307392    2.761631  (      56)
         120    1.434980    2.762001  (     699)
         121    1.431292    2.762959  (     635)
         122    1.407672    2.763815  (     358)
         123    1.438190    2.764900  (     767)
         124    1.437796    2.766896  (     754)
         125    1.438122    2.768501  (     765)
         126    1.389761    2.768875  (     263)
         127    1.420695    2.769427  (     485)
         128    1.391807    2.770595  (     274)
         129    1.306505    2.772292  (      53)
         130    1.428106    2.773620  (     582)
         131    1.330264    2.774172  (      92)
         132    1.292200    2.774392  (      39)
         133    1.373822    2.775150  (     196)
         134    1.405364    2.776349  (     338)
         135    1.428914    2.777122  (     595)
         136    1.388720    2.777379  (     256)
         137    1.304915    2.778340  (      51)
         138    1.385474    2.778816  (     242)
         139    1.206308    2.779022  (       3)
         140    1.433464    2.779956  (     667)
         141    1.400627    2.782139  (     313)
         142    1.332995    2.784725  (     104)
         143    1.393598    2.785066  (     280)
         144    1.423182    2.786503  (     518)
         145    1.406500    2.786574  (     350)
         146    1.431076    2.787183  (     630)
         147    1.385387    2.788003  (     240)
         148    1.433537    2.789695  (     669)
         149    1.322687    2.795263  (      76)
         150    1.350400    2.797512  (     140)
         151    1.353069    2.797754  (     147)
         152    1.427272    2.798046  (     573)
         153    1.429402    2.798205  (     605)
         154    1.400590    2.798806  (     312)
         155    1.398147    2.798815  (     300)
         156    1.428114    2.799108  (     583)
         157    1.432836    2.799310  (     657)
         158    1.429344    2.801880  (     604)
         159    1.431000    2.804574  (     628)
         160    1.375779    2.805156  (     209)
         161    1.428261    2.806107  (     587)
         162    1.416673    2.806158  (     435)
         163    1.391153    2.806542  (     271)
         164    1.434164    2.807524  (     683)
         165    1.384045    2.810297  (     233)
         166    1.426808    2.811966  (     565)
         167    1.414302    2.812509  (     407)
         168    1.434701    2.812857  (     693)
         169    1.438600    2.812883  (     782)
         170    1.434567    2.813238  (     690)
         171    1.432129    2.813392  (     645)
         172    1.427166    2.814300  (     571)
         173    1.376467    2.814915  (     216)
         174    1.324329    2.816147  (      79)
         175    1.338901    2.816283  (     111)
         176    1.429298    2.816613  (     600)
         177    1.422960    2.817006  (     516)
         178    1.392564    2.817611  (     275)
         179    1.409280    2.818880  (     368)
         180    1.309323    2.819269  (      60)
         181    1.395688    2.819300  (     289)
         182    1.331566    2.822357  (      96)
         183    1.430027    2.822914  (     614)
         184    1.405183    2.823087  (     337)
         185    1.435842    2.824159  (     713)
         186    1.437264    2.825143  (     740)
         187    1.408768    2.828247  (     363)
         188    1.426331    2.830956  (     559)
         189    1.401140    2.831828  (     317)
         190    1.408924    2.831939  (     364)
         191    1.304267    2.832111  (      50)
         192    1.376162    2.832429  (     212)
         193    1.394003    2.833943  (     283)
         194    1.415941    2.834518  (     429)
         195    1.419119    2.834656  (     467)
         196    1.419405    2.834874  (     469)
         197    1.423694    2.835827  (     523)
         198    1.414987    2.835959  (     414)
         199    1.356533    2.837305  (     155)
         200    1.380971    2.837783  (     225)
         201    1.415547    2.838522  (     425)
         202    1.423478    2.838560  (     520)
         203    1.406229    2.839150  (     349)
         204    1.430810    2.839256  (     623)
         205    1.314045    2.839456  (      66)
         206    1.352988    2.840927  (     146)
         207    1.395388    2.841698  (     288)
         208    1.437744    2.841775  (     750)
         209    1.420156    2.842608  (     475)
         210    1.409832    2.844634  (     376)
         211    1.394073    2.845162  (     285)
         212    1.374548    2.846456  (     203)
         213    1.417140    2.847217  (     441)
         214    1.431874    2.847635  (     640)
         215    1.435976    2.847729  (     715)
         216    1.435842    2.848607  (     712)
         217    1.332012    2.848727  (      98)
         218    1.428657    2.849138  (     593)
         219    1.432666    2.849407  (     652)
         220    1.399544    2.849494  (     302)
         221    1.404751    2.849617  (     336)
         222    1.416490    2.849805  (     434)
         223    1.414659    2.850320  (     411)
         224    1.375278    2.851981  (     207)
         225    1.412157    2.852066  (     390)
         226    1.314649    2.852499  (      67)
         227    1.374305    2.852672  (     200)
         228    1.418680    2.855306  (     462)
         229    1.432938    2.856068  (     658)
         230    1.389001    2.857448  (     258)
         231    1.422458    2.859718  (     512)
         232    1.393091    2.859902  (     277)
         233    1.437704    2.860799  (     749)
         234    1.417334    2.861451  (     444)
         235    1.416719    2.863516  (     437)
         236    1.434852    2.864170  (     695)
         237    1.437785    2.864859  (     753)
         238    1.396284    2.864918  (     292)
         239    1.412971    2.864961  (     394)
         240    1.428184    2.865642  (     586)
         241    1.390210    2.865852  (     266)
         242    1.389630    2.868636  (     261)
         243    1.386460    2.868977  (     248)
         244    1.436733    2.869270  (     731)
         245    1.385207    2.869818  (     238)
         246    1.384637    2.870198  (     234)
         247    1.413090    2.870880  (     395)
         248    1.439076    2.871647  (     790)
         249    1.380022    2.873199  (     224)
         250    1.317204    2.873515  (      68)
         251    1.435596    2.874334  (     708)
         252    1.405495    2.874375  (     341)
         253    1.347960    2.876153  (     134)
         254    1.374466    2.876638  (     202)
         255    1.373619    2.877146  (     195)
         256    1.421477    2.877469  (     494)
         257    1.365830    2.877516  (     177)
         258    1.408967    2.878123  (     365)
         259    1.415285    2.878141  (     420)
         260    1.371596    2.878343  (     192)
         261    1.385300    2.878918  (     239)
         262    1.412093    2.879888  (     389)
         263    1.411057    2.881615  (     384)
         264    1.239241    2.882394  (       8)
         265    1.366475    2.882478  (     180)
         266    1.432077    2.882851  (     644)
         267    1.356218    2.885114  (     154)
         268    1.418119    2.885941  (     455)
         269    1.397960    2.887388  (     299)
         270    1.417693    2.887909  (     448)
         271    1.410859    2.888458  (     383)
         272    1.439362    2.889869  (     799)
         273    1.430966    2.891488  (     627)
         274    1.410400    2.891876  (     380)
         275    1.360740    2.892474  (     165)
         276    1.438287    2.892538  (     772)
         277    1.403133    2.892757  (     329)
         278    1.387852    2.893628  (     252)
         279    1.415942    2.894734  (     430)
         280    1.361047    2.894785  (     166)
         281    1.433993    2.895429  (     678)
         282    1.438371    2.895692  (     774)
         283    1.333598    2.895836  (     105)
         284    1.422006    2.897346  (     502)
         285    1.415536    2.897526  (     424)
         286    1.425149    2.898181  (     541)
         287    1.423722    2.898807  (     524)
         288    1.260603    2.899375  (      22)
         289    1.437124    2.899806  (     737)
         290    1.390231    2.900492  (     267)
         291    1.427378    2.902807  (     575)
         292    1.350693    2.903011  (     142)
         293    1.430394    2.903876  (     617)
         294    1.386501    2.904013  (     249)
         295    1.428117    2.904671  (     584)
         296    1.354495    2.905405  (     150)
         297    1.369923    2.906127  (     189)
         298    1.237559    2.906137  (       6)
         299    1.425048    2.906242  (     539)
         300    1.425323    2.907065  (     548)
         301    1.419632    2.907415  (     470)
         302    1.437320    2.907781  (     741)
         303    1.397426    2.908248  (     297)
         304    1.419833    2.908482  (     473)
         305    1.425960    2.911037  (     555)
         306    1.424983    2.912483  (     538)
         307    1.366315    2.912680  (     178)
         308    1.415714    2.912856  (     427)
         309    1.436113    2.914778  (     717)
         310    1.360483    2.915329  (     164)
         311    1.394147    2.916290  (     287)
         312    1.431419    2.916314  (     637)
         313    1.381410    2.917184  (     226)
         314    1.413795    2.918219  (     405)
         315    1.371250    2.919345  (     191)
         316    1.439120    2.920066  (     791)
         317    1.330059    2.920625  (      91)
         318    1.407795    2.922463  (     361)
         319    1.409814    2.923285  (     375)
         320    1.438652    2.923838  (     783)
         321    1.434954    2.924407  (     698)
         322    1.363703    2.924867  (     171)
         323    1.438965    2.925474  (     787)
         324    1.383474    2.926064  (     232)
         325    1.425683    2.926487  (     552)
         326    1.409362    2.926761  (     370)
         327    1.425994    2.926795  (     556)
         328    1.368347    2.927217  (     186)
         329    1.429689    2.928027  (     610)
         330    1.400337    2.931793  (     308)
         331    1.403010    2.932003  (     328)
         332    1.437239    2.932210  (     739)
         333    1.238077    2.932679  (       7)
         334    1.405450    2.934051  (     340)
         335    1.389791    2.934347  (     264)
         336    1.365046    2.934449  (     175)
         337    1.428575    2.934908  (     592)
         338    1.433829    2.936886  (     673)
         339    1.418740    2.938062  (     465)
         340    1.438284    2.938113  (     771)
         341    1.420194    2.938309  (     476)
         342    1.415597    2.938785  (     426)
         343    1.437214    2.940633  (     738)
         344    1.420290    2.940646  (     478)
         345    1.425651    2.940995  (     551)
         346    1.377468    2.941382  (     218)
         347    1.244084    2.943220  (      11)
         348    1.427434    2.943423  (     577)
         349    1.434303    2.943677  (     688)
         350    1.365036    2.943710  (     174)
         351    1.368082    2.944814  (     185)
         352    1.434041    2.945444  (     679)
         353    1.387176    2.946035  (     251)
         354    1.433504    2.946304  (     668)
         355    1.394135    2.946968  (     286)
         356    1.420473    2.948857  (     482)
         357    1.429328    2.949507  (     602)
         358    1.434938    2.950229  (     697)
         359    1.242133    2.951151  (       9)
         360    1.430863    2.952551  (     626)
         361    1.437376    2.952798  (     744)
         362    1.331606    2.953368  (      97)
         363    1.358975    2.953648  (     158)
         364    1.406051    2.953869  (     346)
         365    1.432042    2.955141  (     642)
         366    1.426772    2.956859  (     564)
         367    1.245539    2.957354  (      13)
         368    1.434662    2.958552  (     692)
         369    1.285698    2.958585  (      31)
         370    1.439180    2.959641  (     793)
         371    1.425198    2.960820  (     542)
         372    1.434111    2.961067  (     681)
         373    1.413562    2.961243  (     401)
         374    1.386126    2.961396  (     245)
         375    1.348756    2.961589  (     136)
         376    1.429309    2.961674  (     601)
         377    1.390577    2.961698  (     269)
         378    1.435532    2.963031  (     706)
         379    1.343835    2.963709  (     120)
         380    1.430417    2.964048  (     618)
         381    1.245100    2.964451  (      12)
         382    1.346941    2.964565  (     130)
         383    1.391195    2.965564  (     272)
         384    1.250973    2.966099  (      17)
         385    1.415357    2.966463  (     422)
         386    1.421176    2.966975  (     491)
         387    1.246281    2.969701  (      14)
         388    1.407709    2.970698  (     359)
         389    1.353584    2.970843  (     148)
         390    1.434887    2.972897  (     696)
         391    1.408115    2.973243  (     362)
         392    1.428302    2.973455  (     589)
         393    1.423857    2.973501  (     527)
         394    1.435371    2.974573  (     702)
         395    1.385471    2.975891  (     241)
         396    1.416710    2.976631  (     436)
         397    1.437893    2.976641  (     758)
         398    1.434105    2.977698  (     680)
         399    1.409719    2.977813  (     373)
         400    1.439155    2.978035  (     792)
