Model_ID, [(c_i,i=0,n)_j,j=1,ntask]
           1   -0.3688152105E+01    0.5156212347E+04
           2    0.8398881022E+01   -0.4337710798E-01
           3    0.1264172510E+02    0.1985994056E+01
           4    0.4635549361E+00    0.7018304997E+02
           5   -0.2988114948E+02    0.2707966824E+02
           6   -0.3276110861E+01    0.4718278494E-01
           7    0.1912361623E+01    0.1838214235E+03
           8   -0.3756854429E+01    0.3463633063E+02
           9    0.1211937944E+02   -0.1242926311E+04
          10    0.3002561940E+01    0.7848439884E-01
          11   -0.3587878360E+01    0.2257811580E+00
          12    0.1222265858E+02    0.1874971959E+01
          13    0.3634643349E+01    0.1026558167E+02
          14    0.3839582555E+01   -0.3091559614E+02
          15   -0.2770127326E+01    0.6607064022E+01
          16    0.3656448304E+01    0.2446882798E+00
          17    0.8522837475E+00    0.5819086793E+01
          18    0.1081386286E+01    0.2381783499E+01
          19   -0.2401876821E+01   -0.9770172257E+01
          20    0.3176988556E+01    0.4593293777E-01
          21    0.2362935246E+01    0.1171721389E+02
          22   -0.1818782778E+01    0.3469962448E+01
          23    0.1085734400E+02    0.1563876188E+01
          24    0.3140676165E+01    0.3283645717E+02
          25    0.1155285082E+02   -0.7677258547E+01
          26    0.3870370236E+01    0.1645381994E+01
          27    0.2797987996E+01    0.1602301101E-01
          28   -0.2335282081E+01   -0.2753423237E+02
          29    0.3033247637E+01    0.2348411444E-04
          30   -0.2037906601E+01   -0.1386504303E+04
          31    0.1188700081E+02    0.5147204628E+01
          32    0.3126764498E+01    0.2215978761E+00
          33   -0.3536021399E+01    0.3778264217E+02
          34    0.2876640985E+01    0.8618466027E+00
          35    0.3202629937E+01   -0.7151623657E-02
          36    0.3069520676E+01   -0.9902338951E-02
          37    0.1258161802E+02   -0.1270826933E-01
          38   -0.1913491021E+01    0.2796624674E+02
          39    0.8879907993E+00    0.2462136298E+02
          40    0.3294113035E+01    0.1557269671E+00
          41   -0.1469478953E+01   -0.2383136348E+02
          42    0.3186609218E+01    0.5334684138E+00
          43    0.7768439262E+01   -0.1940721819E+01
          44    0.1325194332E+02   -0.1836144610E+01
          45    0.2528919397E+01    0.2340840293E-02
          46    0.5511602842E+01   -0.1382189301E+02
          47    0.4060361932E+01   -0.3660082893E+01
          48    0.1136577014E+02    0.3192204140E-01
          49    0.1738958800E+01    0.2375249559E+01
          50    0.3279474482E+01    0.4594360992E+00
          51    0.3118942119E+01    0.6490465834E+00
          52    0.3127959001E+01    0.5822510068E+00
          53    0.5509950043E+01   -0.1009816464E+01
          54    0.1001838001E+02   -0.9945504981E+01
          55    0.5708815017E+01   -0.1267714716E+02
          56   -0.1644960303E+00   -0.2377005995E+01
          57    0.2987466402E+01   -0.6783668946E+00
          58    0.2779560522E+01    0.3408134830E-04
          59    0.3214057706E+01   -0.4558229913E+00
          60    0.3393122893E+01    0.6406334720E-04
          61    0.2736577564E+01    0.2314010961E+01
          62    0.5573908080E+01   -0.2639977200E+01
          63    0.3193700407E+01   -0.4693196550E+00
          64    0.3248301581E+01    0.4551111031E+00
          65    0.2302216709E+01    0.3230188485E+01
          66    0.5373227102E+01   -0.2688400544E+03
          67    0.2556173019E+01   -0.2394095834E+01
          68   -0.6362782811E+00   -0.1845536599E+02
          69    0.1801079129E+01    0.4425562474E-02
          70    0.5419310719E+01   -0.2025233163E+04
          71    0.3368481213E+01    0.4556875157E-01
          72    0.3999966300E-01   -0.6308059554E+01
          73    0.3294092955E+01    0.4434079224E+00
          74   -0.9297217746E+00   -0.1654175917E+01
          75    0.2593692339E+01    0.3465456818E+00
          76    0.5557290656E+01   -0.3909477205E+03
          77    0.3280194195E+01    0.4537405444E+00
          78    0.3115337113E+01    0.6432168886E+00
          79    0.2971199131E+01   -0.2871517535E-01
          80    0.3358999216E+01    0.3069699105E-03
          81    0.3523187798E+01    0.2685465842E+01
          82    0.9932962934E+01   -0.1235652526E+01
          83    0.1548746665E+01    0.4679648536E-02
          84    0.3396290128E+01    0.3040002629E+00
          85    0.3071701178E+01    0.6484160504E+00
          86    0.2458077179E+01   -0.2551143983E+01
          87    0.1079201514E+02   -0.1420545388E+01
          88    0.3439779380E+01    0.1081740191E+00
          89    0.3231299846E+01    0.1802545937E-02
          90    0.1077419875E+02   -0.9228160249E+01
          91    0.2441159542E+01   -0.2852825400E+01
          92    0.3225486492E+01   -0.4435285260E+00
          93    0.3193036740E+01    0.2341404098E+00
          94   -0.9096071753E+01    0.2972783572E+02
          95   -0.1205625472E+02    0.7272733740E+02
          96   -0.2501381696E+01    0.1341046028E+03
          97    0.3023822740E+01   -0.6531598659E+00
          98    0.1107998649E+01    0.3094745966E+01
          99    0.2640779719E+01    0.2355195294E+01
         100   -0.1128372588E+01    0.1726439630E+01
         101    0.3206210069E+01    0.6778429810E-01
         102    0.1263991615E+02   -0.1218064250E+01
         103    0.3384832122E+01    0.6826924484E-03
         104    0.2213310649E+01    0.2681476601E-01
         105    0.7868681793E+01   -0.6563527248E+00
         106    0.2052140769E+01   -0.1407071019E+00
         107    0.2472863377E+01    0.5479546563E-02
         108    0.4471886550E+00   -0.8549673155E+03
         109    0.2177686796E+01   -0.3229207067E-02
         110    0.1074227947E+02    0.1538361198E+01
         111    0.1221459308E+02    0.1910523940E+01
         112    0.3171843612E+01   -0.5308581410E+00
         113    0.5513798258E+01   -0.5459238666E+00
         114    0.3140921041E+01    0.6239261605E+00
         115   -0.2595709100E+01    0.8650612810E+02
         116    0.2628839989E+01    0.2758913498E-02
         117    0.3177356049E+01    0.4107848497E+01
         118    0.5453212822E+01   -0.2013374821E+03
         119    0.1265284221E+02   -0.1924743762E+01
         120    0.3517900068E+01    0.3313781227E+01
         121    0.3421611150E+01    0.2021404366E-01
         122    0.7255616104E+01   -0.7241026477E+01
         123    0.2728751018E+01    0.2298026264E+01
         124    0.3352665016E+01    0.7456108371E+00
         125    0.1853637713E+01    0.9605751926E-03
         126   -0.5905983363E-01    0.1124261718E+04
         127    0.3214989635E+01    0.9205925040E-03
         128    0.5395979134E+01   -0.1021091926E+02
         129    0.2076809038E+02   -0.3694921008E+01
         130    0.7987554067E+01    0.6799956283E+01
         131   -0.3402318894E+01    0.3414907344E+02
         132   -0.4624588046E+01    0.3971588432E+02
         133   -0.5490084996E+00    0.8344786379E+01
         134    0.5523902860E+01   -0.8999058308E+02
         135    0.4797951336E+01   -0.2229317701E-01
         136    0.3148795305E+01    0.6949353127E+00
         137    0.1682931657E+01    0.2275983130E+03
         138    0.9897291003E+01    0.1744337704E+02
         139    0.4743739061E+01   -0.6711594930E+00
         140    0.3010379754E+01    0.4608971307E-03
         141    0.5278868737E+01   -0.8665501272E+01
         142    0.1035160958E+02   -0.9692199102E+01
         143    0.9009375790E+01    0.3118840345E+01
         144    0.3443205769E+01    0.1322895509E+00
         145    0.3030450652E+01   -0.6385427502E+00
         146    0.3524542862E+01    0.1656195923E-03
         147   -0.1687894615E+01    0.2366575631E+02
         148    0.3273009329E+01    0.1229716149E+01
         149   -0.1165204503E+01    0.3763601821E+01
         150    0.1120770181E+02   -0.3464875023E+00
         151    0.1832095465E+02   -0.1569519117E+01
         152    0.3319151249E+01    0.8943213037E-03
         153    0.1456196953E+01    0.3340288931E+01
         154   -0.3709422710E+00    0.7164607433E+01
         155    0.3030099560E+01    0.9602911652E-01
         156    0.3346765431E+01    0.1018293972E-03
         157    0.5565837611E+01   -0.2928019493E+02
         158    0.2587067188E+01   -0.2309627090E+01
         159    0.3570616328E+01    0.1248686067E+00
         160    0.1117619096E+00    0.4068028408E+01
         161    0.3556456426E+01    0.8811216233E+02
         162    0.5035870754E+01   -0.6660103414E+03
         163    0.2393916870E+01    0.1132018862E-03
         164    0.3281437911E+01    0.8109182304E-02
         165    0.9753332001E+01   -0.1690297413E+02
         166    0.3219721212E+01    0.1061676506E-02
         167    0.3507495446E+01    0.2507288502E+00
         168    0.2041182073E+01    0.2080402016E+04
         169    0.1246376435E+01   -0.9768320458E+00
         170    0.1594619843E+01    0.9706600230E-01
         171    0.1528060110E+01    0.1494577595E+02
         172    0.3551046306E+01    0.5917502255E+00
         173    0.9799920204E+01    0.1342434613E+01
         174    0.1020411812E+02    0.9767623275E+01
         175    0.5518566163E+01   -0.9446344009E+01
         176    0.1452223140E+01    0.2227657476E-01
         177    0.3236323600E+01    0.9184738003E-01
         178    0.4409930425E+01   -0.8717927552E+00
         179    0.4443258766E+01   -0.1795702163E+00
         180    0.1321761497E+02   -0.1989300658E+01
         181    0.2970812273E+01   -0.7617480504E+00
         182    0.1009547339E+02   -0.9686511631E+01
         183    0.1471250821E+01    0.1473286392E-03
         184    0.5571249391E+01   -0.4969526724E+02
         185    0.3284444287E+01   -0.4542823473E+00
         186    0.3569003444E+01    0.2690128292E+01
         187    0.4229476656E+00   -0.6362831383E+01
         188    0.3534664758E+01    0.1377688080E+01
         189    0.5565669881E+01   -0.1351968717E+00
         190    0.8476120195E+01    0.1841474507E-01
         191    0.4272456369E+01    0.2027799846E-01
         192    0.3120196900E+01    0.3805928785E+02
         193    0.5636340828E+01   -0.7728321004E+01
         194    0.1664645496E+01    0.2820309506E-02
         195    0.4393042007E+01   -0.6099772062E-02
         196    0.3513561107E+01    0.2030171382E+00
         197    0.5545512233E+01   -0.8712511928E-01
         198    0.1465410351E+00    0.9546854160E+03
         199    0.1079788614E+02   -0.5121571992E+00
         200    0.5692205642E+01   -0.5559398716E+02
         201    0.3518103658E+01    0.4337972793E+03
         202    0.5581160889E+01   -0.1032865184E+00
         203    0.3379282150E+01    0.4226008477E-01
         204   -0.1820046498E+01    0.2201226665E-01
         205    0.1245089334E+02   -0.2820388280E+03
         206   -0.2035157363E+01    0.5287561639E+00
         207    0.3455660563E+01    0.9487921089E+00
         208    0.3398894749E+01    0.1860157241E-02
         209    0.8852246060E+00    0.1269821388E+01
         210    0.3143664189E+01    0.1557574234E+03
         211    0.3325378112E+01    0.5470779615E-01
         212    0.4508462021E+01   -0.1159015619E-02
         213    0.8345842922E+01    0.2687639410E+01
         214    0.3558167501E+01    0.4782862283E+00
         215    0.3304409976E+01    0.5444373779E+01
         216    0.1033899405E+01    0.1056210795E+01
         217    0.1184856678E+02   -0.2521483918E-02
         218    0.2059607661E+01    0.4203116157E+00
         219    0.3549978496E+01    0.1964428362E-03
         220    0.5581432320E+01   -0.2057053969E+02
         221    0.7235479992E+00    0.2445332580E+00
         222    0.4379284252E+01   -0.3330692674E+01
         223    0.3603602519E+01    0.3534500382E+00
         224    0.9337515780E+01   -0.2873716637E+01
         225    0.3107134419E+01    0.1742513453E+01
         226    0.1275078709E+02   -0.1883531951E+01
         227    0.4511195816E+01   -0.2564642481E+01
         228   -0.5120513550E+00    0.9511583210E-02
         229    0.3563657857E+01    0.7120379218E+02
         230    0.1001562998E+02   -0.1152081227E+01
         231    0.1715505166E+01    0.2885839653E-02
         232    0.8761409731E+01   -0.1694503317E-01
         233    0.2758952067E+01    0.6050323766E+01
         234    0.6998776725E+00   -0.8857549945E+03
         235    0.3281440014E+01    0.1330237183E-03
         236    0.3539359765E+01    0.1079190414E-02
         237    0.1932880771E+01   -0.1120345421E+01
         238    0.9698683668E+01    0.1316100999E+01
         239    0.9479748703E+01   -0.1296109409E+01
         240    0.7939391453E+01    0.1609780924E-01
         241    0.3146600334E+01    0.3097963179E+00
         242    0.4479348687E+01   -0.5005767803E-02
         243    0.4493291067E+01   -0.3929254592E+01
         244    0.2055266441E+01    0.8955165451E-03
         245    0.4494514295E+01   -0.5879257050E-02
         246    0.4495069628E+01   -0.8952116346E+00
         247    0.3118358122E+01    0.1147702920E-01
         248    0.3638136277E+01    0.4609886181E+02
         249    0.4499520308E+01   -0.3563183139E+00
         250    0.8427236871E+01   -0.2172371837E+00
         251    0.3578002600E+01    0.1008590369E+00
         252    0.8944745227E+01   -0.2977868187E+01
         253   -0.1134852833E+01    0.3336797913E+01
         254    0.4504777280E+01   -0.1421375710E+00
         255    0.4505569894E+01   -0.2165675057E+02
         256    0.3528050009E+01    0.1702826763E+01
         257    0.9727722545E+01   -0.8430967183E+01
         258    0.5142422036E+01   -0.6218759631E+03
         259   -0.1350286170E+00    0.7014787466E+01
         260    0.4507451810E+01   -0.3246264457E-01
         261   -0.5451044776E+00    0.1044884509E+01
         262    0.9702150357E+01   -0.2696397997E+04
         263    0.8773680000E+01   -0.9502307002E+00
         264    0.4321330290E+01   -0.1102667278E-01
         265    0.4530844869E+01   -0.5966773068E+00
         266    0.3522554222E+01    0.7637779101E+00
         267    0.1587958464E+01    0.9059553872E-01
         268    0.3302812064E+01    0.2317145618E+00
         269    0.2422482886E+01    0.8282664478E+03
         270    0.3633825968E+01    0.4141960508E+00
         271    0.8820519269E+01   -0.1144573760E+01
         272    0.3420438913E+01    0.8292762373E-02
         273    0.3516042564E+01    0.5135785069E-02
         274    0.3511473756E+01    0.5359752735E+03
         275   -0.5198356587E+00    0.2827681251E+01
         276    0.3502620655E+01    0.8800607386E+01
         277   -0.6363827933E+00   -0.1995708955E+02
         278    0.4484510084E+01   -0.4844497972E-01
         279    0.4083047862E+00   -0.5736732133E+01
         280    0.4575000739E+01   -0.1710493258E+02
         281    0.2134057005E+01   -0.1461019729E+00
         282    0.3564392752E+01    0.4276096480E-02
         283    0.1019830074E+02   -0.4736338328E-02
         284    0.1678413460E+01    0.1023022021E+01
         285    0.1779997195E+01    0.3277915449E+03
         286    0.3541836722E+01    0.3773702347E+01
         287    0.3350415912E+01    0.1343786354E-02
         288    0.4341087816E+01   -0.1753766835E-01
         289    0.7484344767E+01    0.9681563923E+01
         290    0.3453169853E+01    0.1166884208E+01
         291    0.3335976954E+01    0.2432459728E-02
         292    0.9636333129E+01    0.8853437442E+01
         293    0.3489562101E+01    0.1041119406E+00
         294    0.4488935913E+01   -0.1082477225E+03
         295    0.3615625694E+00    0.9334281001E+03
         296   -0.1234288339E+01    0.3506795495E+01
         297    0.8911605799E+01   -0.4636541084E+01
         298    0.4349568807E+01   -0.2506504662E-02
         299    0.3306644054E+01    0.7442813033E+01
         300    0.3545059877E+01    0.2498283995E-01
         301    0.2914346424E+01    0.1077710310E+01
         302    0.3649231749E+01    0.5549456566E+02
         303    0.3281428165E+01    0.4721705539E-03
         304    0.8400122375E+01   -0.1750381159E-01
         305    0.7531480862E+00   -0.7835312339E+03
         306    0.3746794253E+01    0.2516405548E-01
         307    0.4591515884E+01   -0.3140708276E-01
         308    0.3148570379E+01    0.7682111890E+01
         309    0.1307635366E+01   -0.1062223984E+01
         310    0.1134969040E+02   -0.1555429141E+01
         311    0.2724035995E+01    0.1380581349E+01
         312    0.3539355340E+01    0.1324060913E-02
         313    0.9765123018E+01    0.1334672856E+01
         314    0.1209193405E+01    0.3166860876E+03
         315    0.1029146934E+02   -0.7091118015E+02
         316    0.3465042364E+01    0.4541858780E+00
         317    0.1241443678E+02   -0.1822471380E+01
         318    0.4471532672E+01   -0.2024058720E+00
         319    0.1658971418E+01    0.2291981387E+01
         320    0.7550190171E+01   -0.9800489403E+01
         321    0.3569201320E+01    0.9122265008E+01
         322    0.9284267205E+01   -0.8418974089E+01
         323    0.3526054507E+01    0.4570657318E-04
         324    0.2959096145E+01    0.2201769099E+03
         325    0.7692041494E+01   -0.8881991412E+01
         326    0.4469862984E+01   -0.2537783002E+00
         327    0.3554197654E+01    0.1695054299E+02
         328    0.1098990649E+02   -0.1495134354E+01
         329    0.8347931607E+01   -0.2517523945E+01
         330    0.3258614723E+01    0.2759056716E+02
         331   -0.7727109341E-01    0.8392622796E+01
         332    0.3704457875E+01    0.1261763889E-01
         333    0.4399895955E+01   -0.6834183556E-03
         334    0.3009924399E+01    0.1993032938E-02
         335    0.4557506018E+01   -0.1280043017E+00
         336   -0.3520593797E+00   -0.2755254296E+01
         337    0.3522864169E+01    0.9366891575E+00
         338    0.3557346303E+01    0.5291518536E-02
         339   -0.5808303276E+00    0.1678616919E-01
         340    0.7701764632E+01    0.6241855156E+01
         341    0.9057913298E+01    0.1467194021E+00
         342   -0.7086813921E+00    0.2587529187E+01
         343    0.3680374737E+01    0.7314383063E-02
         344    0.3535484115E+01    0.4663122146E+01
         345    0.1888658286E+01    0.2540385576E-02
         346    0.8409491710E+01   -0.8445238115E-02
         347    0.4393872171E+01   -0.1063251103E-03
         348    0.3516474090E+01    0.6297488536E-02
         349    0.3499194393E+01    0.1083165843E+02
         350    0.2999599349E+01    0.4265692518E+00
         351   -0.4098709994E+00    0.3028295675E+01
         352    0.2729367988E+01    0.4041233734E+00
         353    0.9089652893E+01    0.2855385555E+01
         354    0.5767240575E+01   -0.3452681957E+01
         355   -0.8027492398E+00    0.2936071270E+03
         356    0.3538722269E+01    0.3087165265E-01
         357    0.3360216664E+01    0.1083092421E-01
         358    0.4021465500E+01    0.1175917133E+02
         359    0.4396091596E+01   -0.3314118802E-01
         360    0.2363367344E+01    0.2340800591E+01
         361    0.3481215586E+01    0.6525280553E+01
         362    0.6968986492E+01   -0.3182837390E-01
         363    0.6733849131E+01    0.1341730628E+01
         364    0.3236399475E+01    0.3020119385E+00
         365    0.2697458552E+01    0.2750132651E-02
         366    0.3489882696E+01    0.1276489723E+00
         367    0.4395613325E+01   -0.4703973155E-02
         368    0.3607263747E+01    0.1779993137E+01
         369    0.4378076397E+01   -0.4539833005E-03
         370    0.2811492057E+01    0.5528158659E-03
         371    0.3486848948E+01    0.1488777998E-01
         372    0.1888053872E+01   -0.2813304817E-02
         373    0.3335746906E+01    0.3705786240E+01
         374    0.9259276439E+01   -0.2260187094E+02
         375    0.4652127732E+01   -0.2439012267E+00
         376    0.3750583129E+01    0.2027725234E-01
         377    0.3155482848E+01    0.8017764971E-01
         378    0.3672285414E+01    0.5127816203E+01
         379    0.2957578576E+01    0.5586134328E-02
         380    0.3562031556E+01    0.1128724355E+02
         381    0.4393329617E+01   -0.1085024159E-01
         382    0.1053744915E+02    0.1336761955E+01
         383   -0.2610822243E+00    0.6077479377E+02
         384    0.4393266790E+01   -0.1991574201E-01
         385    0.4623097862E+01   -0.9325112742E+01
         386    0.3547878244E+01    0.2094795281E+02
         387    0.4392234083E+01   -0.2265133482E-02
         388    0.5076352350E+01    0.7121758074E+01
         389    0.5702206625E+01   -0.1250794512E+02
         390    0.3669337159E+01    0.3434581372E-01
         391    0.2046370990E+01   -0.4701573066E+02
         392    0.1271490901E+01   -0.1907757773E+00
         393    0.3648821449E+01    0.3040338746E+02
         394    0.3525243556E+01    0.5614798964E-04
         395    0.3228193843E+01    0.6081075163E-03
         396    0.8315876343E+01   -0.9161029932E+02
         397    0.3312897644E+01    0.8882673364E-02
         398    0.5140519616E+01   -0.3776665765E-01
         399    0.4613466384E+01    0.3509165892E+00
         400    0.3505723086E+01    0.5982233369E+01
