        Rank        RMSE       MaxAE  Feature_ID
           1    0.876098    2.019685  (     242)
           2    0.891189    2.025167  (     405)
           3    0.908758    2.059044  (     708)
           4    0.859320    2.075620  (      89)
           5    0.860260    2.089114  (      94)
           6    0.884189    2.095008  (     331)
           7    0.911235    2.096162  (     764)
           8    0.861750    2.099920  (     100)
           9    0.872524    2.105809  (     201)
          10    0.849408    2.114688  (      58)
          11    0.840191    2.115883  (      31)
          12    0.906876    2.117092  (     669)
          13    0.901897    2.125726  (     574)
          14    0.886955    2.136066  (     353)
          15    0.817727    2.136622  (      10)
          16    0.875577    2.141455  (     231)
          17    0.859502    2.141827  (      93)
          18    0.841206    2.160971  (      39)
          19    0.862614    2.161114  (     106)
          20    0.871952    2.165207  (     191)
          21    0.892178    2.166857  (     420)
          22    0.846682    2.168655  (      52)
          23    0.866828    2.173507  (     125)
          24    0.872841    2.175915  (     203)
          25    0.898211    2.179830  (     510)
          26    0.878104    2.180264  (     267)
          27    0.912644    2.180847  (     797)
          28    0.882844    2.181211  (     316)
          29    0.901151    2.181620  (     556)
          30    0.875700    2.182436  (     232)
          31    0.849376    2.186337  (      57)
          32    0.871083    2.187423  (     178)
          33    0.862147    2.188750  (     104)
          34    0.869765    2.189173  (     158)
          35    0.873514    2.189587  (     213)
          36    0.897223    2.190660  (     491)
          37    0.906769    2.196289  (     667)
          38    0.880593    2.196305  (     293)
          39    0.896585    2.198967  (     481)
          40    0.891635    2.199324  (     413)
          41    0.902283    2.205839  (     582)
          42    0.909612    2.209202  (     728)
          43    0.875980    2.211383  (     241)
          44    0.897787    2.213471  (     500)
          45    0.902955    2.213700  (     592)
          46    0.852148    2.214325  (      67)
          47    0.898063    2.216036  (     505)
          48    0.898096    2.217262  (     506)
          49    0.899039    2.218266  (     526)
          50    0.882340    2.218720  (     311)
          51    0.877663    2.219363  (     263)
          52    0.888488    2.220184  (     375)
          53    0.909057    2.221716  (     714)
          54    0.897788    2.223283  (     501)
          55    0.897391    2.223815  (     494)
          56    0.908355    2.223957  (     702)
          57    0.825255    2.224109  (      15)
          58    0.903872    2.224198  (     614)
          59    0.901920    2.224266  (     575)
          60    0.859442    2.228801  (      92)
          61    0.911226    2.228920  (     763)
          62    0.907554    2.230277  (     688)
          63    0.886600    2.231118  (     349)
          64    0.896813    2.231279  (     487)
          65    0.911749    2.232000  (     778)
          66    0.909384    2.232019  (     721)
          67    0.854768    2.234904  (      73)
          68    0.898505    2.236471  (     515)
          69    0.912345    2.236600  (     787)
          70    0.905256    2.238147  (     638)
          71    0.905256    2.238840  (     637)
          72    0.901355    2.239947  (     561)
          73    0.887477    2.240285  (     364)
          74    0.870626    2.243177  (     168)
          75    0.896246    2.250424  (     477)
          76    0.911511    2.252561  (     772)
          77    0.906013    2.252617  (     656)
          78    0.890861    2.256447  (     402)
          79    0.910942    2.257162  (     756)
          80    0.897847    2.258199  (     503)
          81    0.873206    2.259082  (     208)
          82    0.896627    2.260281  (     482)
          83    0.880039    2.260284  (     288)
          84    0.909751    2.260291  (     734)
          85    0.894950    2.260883  (     447)
          86    0.898596    2.260900  (     519)
          87    0.887446    2.261274  (     363)
          88    0.896221    2.261634  (     475)
          89    0.911718    2.261802  (     777)
          90    0.901656    2.262665  (     569)
          91    0.896060    2.262824  (     472)
          92    0.891660    2.263722  (     415)
          93    0.886730    2.264467  (     352)
          94    0.905567    2.266929  (     641)
          95    0.864278    2.267776  (     113)
          96    0.877212    2.268056  (     257)
          97    0.888410    2.268098  (     373)
          98    0.902102    2.269082  (     577)
          99    0.892686    2.269256  (     423)
         100    0.899074    2.270348  (     528)
         101    0.877870    2.270919  (     265)
         102    0.866928    2.270984  (     127)
         103    0.881245    2.271053  (     300)
         104    0.911169    2.272179  (     762)
         105    0.895843    2.272890  (     466)
         106    0.826650    2.273055  (      18)
         107    0.912247    2.274058  (     786)
         108    0.905597    2.274388  (     642)
         109    0.887032    2.274559  (     355)
         110    0.909809    2.275702  (     735)
         111    0.903605    2.277624  (     606)
         112    0.911504    2.278086  (     771)
         113    0.856603    2.278792  (      76)
         114    0.905858    2.278847  (     648)
         115    0.892134    2.279157  (     419)
         116    0.895207    2.279162  (     451)
         117    0.906966    2.279499  (     672)
         118    0.891393    2.280189  (     408)
         119    0.890296    2.281001  (     397)
         120    0.861463    2.281079  (      98)
         121    0.911842    2.281579  (     780)
         122    0.911930    2.282735  (     781)
         123    0.904447    2.283649  (     624)
         124    0.889026    2.285350  (     380)
         125    0.907866    2.285448  (     692)
         126    0.910670    2.286243  (     750)
         127    0.901103    2.287664  (     555)
         128    0.910461    2.290898  (     744)
         129    0.912127    2.291591  (     785)
         130    0.909495    2.291796  (     724)
         131    0.898895    2.292099  (     524)
         132    0.903206    2.292336  (     600)
         133    0.866487    2.293141  (     122)
         134    0.878416    2.293396  (     271)
         135    0.862987    2.296975  (     108)
         136    0.902745    2.299110  (     590)
         137    0.903761    2.299111  (     610)
         138    0.901577    2.299374  (     568)
         139    0.862720    2.300773  (     107)
         140    0.903014    2.300840  (     595)
         141    0.889169    2.300960  (     384)
         142    0.906461    2.301609  (     661)
         143    0.887114    2.304046  (     356)
         144    0.872125    2.307439  (     193)
         145    0.886633    2.307807  (     350)
         146    0.867817    2.308027  (     134)
         147    0.902833    2.308351  (     591)
         148    0.899310    2.308731  (     535)
         149    0.865296    2.310021  (     116)
         150    0.855132    2.311357  (      74)
         151    0.907537    2.311782  (     686)
         152    0.904998    2.311833  (     631)
         153    0.872506    2.311942  (     200)
         154    0.865928    2.312253  (     118)
         155    0.898719    2.312372  (     520)
         156    0.880289    2.312467  (     291)
         157    0.866093    2.312883  (     120)
         158    0.872917    2.312906  (     204)
         159    0.833145    2.313219  (      23)
         160    0.869740    2.313267  (     156)
         161    0.867242    2.313611  (     131)
         162    0.874371    2.313645  (     220)
         163    0.905208    2.313767  (     635)
         164    0.893871    2.314003  (     434)
         165    0.906952    2.314877  (     671)
         166    0.875964    2.314940  (     240)
         167    0.907931    2.315736  (     695)
         168    0.907644    2.315753  (     689)
         169    0.867953    2.316052  (     135)
         170    0.883285    2.316503  (     324)
         171    0.861910    2.316815  (     103)
         172    0.866930    2.318495  (     128)
         173    0.912013    2.318582  (     783)
         174    0.859109    2.318600  (      88)
         175    0.907981    2.318899  (     697)
         176    0.868211    2.319350  (     138)
         177    0.850170    2.320013  (      60)
         178    0.825834    2.320071  (      17)
         179    0.849282    2.320201  (      56)
         180    0.868174    2.320264  (     137)
         181    0.868221    2.320432  (     139)
         182    0.907544    2.320480  (     687)
         183    0.895717    2.320608  (     463)
         184    0.868911    2.321659  (     145)
         185    0.868615    2.321820  (     141)
         186    0.869256    2.322329  (     149)
         187    0.869652    2.322388  (     154)
         188    0.870791    2.322593  (     172)
         189    0.868910    2.322879  (     144)
         190    0.870081    2.322994  (     160)
         191    0.870954    2.323116  (     173)
         192    0.870588    2.323165  (     166)
         193    0.869213    2.323333  (     147)
         194    0.907268    2.323420  (     678)
         195    0.869432    2.324721  (     153)
         196    0.867256    2.324851  (     132)
         197    0.907037    2.324967  (     676)
         198    0.870730    2.325081  (     170)
         199    0.859385    2.325161  (      91)
         200    0.870754    2.325171  (     171)
         201    0.875167    2.325733  (     230)
         202    0.877267    2.326523  (     260)
         203    0.876610    2.326699  (     253)
         204    0.882340    2.326935  (     310)
         205    0.874375    2.327154  (     221)
         206    0.871397    2.327216  (     181)
         207    0.871327    2.327866  (     179)
         208    0.871009    2.328097  (     174)
         209    0.848308    2.328297  (      54)
         210    0.871063    2.328503  (     177)
         211    0.868686    2.328905  (     142)
         212    0.874528    2.328987  (     222)
         213    0.870710    2.329215  (     169)
         214    0.875772    2.329276  (     233)
         215    0.868839    2.329338  (     143)
         216    0.872600    2.329405  (     202)
         217    0.870401    2.329455  (     164)
         218    0.844969    2.329821  (      51)
         219    0.872059    2.329899  (     192)
         220    0.871622    2.329921  (     183)
         221    0.871649    2.330023  (     185)
         222    0.870590    2.330071  (     167)
         223    0.871672    2.330112  (     187)
         224    0.871014    2.330304  (     175)
         225    0.870406    2.330413  (     165)
         226    0.910633    2.330416  (     748)
         227    0.886710    2.330424  (     351)
         228    0.869247    2.331211  (     148)
         229    0.870346    2.331218  (     162)
         230    0.871035    2.331374  (     176)
         231    0.872442    2.331812  (     199)
         232    0.849723    2.331837  (      59)
         233    0.876482    2.331867  (     251)
         234    0.872307    2.331990  (     195)
         235    0.905002    2.332005  (     632)
         236    0.897797    2.332289  (     502)
         237    0.831614    2.332372  (      20)
         238    0.871634    2.332481  (     184)
         239    0.875812    2.332555  (     235)
         240    0.871659    2.332570  (     186)
         241    0.871681    2.332648  (     188)
         242    0.871700    2.332716  (     189)
         243    0.871780    2.332990  (     190)
         244    0.872394    2.333728  (     198)
         245    0.864003    2.333977  (     112)
         246    0.895079    2.334239  (     449)
         247    0.876446    2.334338  (     248)
         248    0.898445    2.334456  (     513)
         249    0.872288    2.334779  (     194)
         250    0.872322    2.334898  (     196)
         251    0.874931    2.334973  (     224)
         252    0.887224    2.335097  (     357)
         253    0.873892    2.335375  (     216)
         254    0.911052    2.335462  (     760)
         255    0.872379    2.335928  (     197)
         256    0.871360    2.335978  (     180)
         257    0.887767    2.336040  (     366)
         258    0.874135    2.336084  (     219)
         259    0.875897    2.336360  (     236)
         260    0.900968    2.336415  (     553)
         261    0.842581    2.336458  (      42)
         262    0.888964    2.336724  (     379)
         263    0.872956    2.337116  (     205)
         264    0.882262    2.337131  (     306)
         265    0.872964    2.337152  (     206)
         266    0.878749    2.337689  (     275)
         267    0.891237    2.337877  (     406)
         268    0.897312    2.337988  (     492)
         269    0.878321    2.338480  (     270)
         270    0.888469    2.338745  (     374)
         271    0.876262    2.338783  (     246)
         272    0.895580    2.338821  (     460)
         273    0.907012    2.339193  (     674)
         274    0.875088    2.339244  (     229)
         275    0.880093    2.339373  (     289)
         276    0.873630    2.339473  (     214)
         277    0.878482    2.339497  (     273)
         278    0.873741    2.339758  (     215)
         279    0.844448    2.340138  (      48)
         280    0.900300    2.340191  (     547)
         281    0.880170    2.340202  (     290)
         282    0.875008    2.340215  (     227)
         283    0.886967    2.340217  (     354)
         284    0.877761    2.340392  (     264)
         285    0.880797    2.340784  (     296)
         286    0.901498    2.340965  (     566)
         287    0.881713    2.341037  (     302)
         288    0.879053    2.341708  (     278)
         289    0.890156    2.341744  (     395)
         290    0.879216    2.341761  (     282)
         291    0.879084    2.341810  (     279)
         292    0.879111    2.341898  (     280)
         293    0.890167    2.341991  (     396)
         294    0.892565    2.342060  (     422)
         295    0.889556    2.342100  (     389)
         296    0.901343    2.342273  (     560)
         297    0.895346    2.342342  (     455)
         298    0.901358    2.342357  (     562)
         299    0.882303    2.342474  (     308)
         300    0.883526    2.342503  (     326)
         301    0.889029    2.342849  (     381)
         302    0.875946    2.343182  (     237)
         303    0.842770    2.343258  (      43)
         304    0.911496    2.343365  (     770)
         305    0.909138    2.343377  (     715)
         306    0.888219    2.343577  (     370)
         307    0.871398    2.343592  (     182)
         308    0.882206    2.343632  (     304)
         309    0.880982    2.343788  (     298)
         310    0.886413    2.343851  (     346)
         311    0.900915    2.343993  (     552)
         312    0.888499    2.344030  (     376)
         313    0.902059    2.344109  (     576)
         314    0.879699    2.344181  (     287)
         315    0.874995    2.344258  (     226)
         316    0.875031    2.344384  (     228)
         317    0.884301    2.344470  (     333)
         318    0.882925    2.344515  (     317)
         319    0.893822    2.344527  (     433)
         320    0.887988    2.344533  (     368)
         321    0.899123    2.344851  (     530)
         322    0.882489    2.345091  (     312)
         323    0.880850    2.345106  (     297)
         324    0.879418    2.345283  (     284)
         325    0.886406    2.345381  (     345)
         326    0.891933    2.346621  (     418)
         327    0.884049    2.346829  (     329)
         328    0.896723    2.346880  (     484)
         329    0.875789    2.347025  (     234)
         330    0.869355    2.347182  (     150)
         331    0.901811    2.347316  (     572)
         332    0.883115    2.347484  (     320)
         333    0.875949    2.347590  (     238)
         334    0.875962    2.347638  (     239)
         335    0.909571    2.347644  (     726)
         336    0.910210    2.347653  (     739)
         337    0.890008    2.348045  (     394)
         338    0.834735    2.348133  (      25)
         339    0.889223    2.348421  (     385)
         340    0.858324    2.348742  (      84)
         341    0.891149    2.349371  (     403)
         342    0.866527    2.349401  (     123)
         343    0.891174    2.349459  (     404)
         344    0.864853    2.349462  (     115)
         345    0.907491    2.349526  (     684)
         346    0.883726    2.349827  (     327)
         347    0.902497    2.350069  (     587)
         348    0.901328    2.350296  (     559)
         349    0.898101    2.350387  (     507)
         350    0.876838    2.350687  (     254)
         351    0.891497    2.350893  (     411)
         352    0.902998    2.351024  (     594)
         353    0.904897    2.351797  (     629)
         354    0.891789    2.351919  (     417)
         355    0.901213    2.352107  (     558)
         356    0.907955    2.352363  (     696)
         357    0.895127    2.352769  (     450)
         358    0.904129    2.353390  (     619)
         359    0.882275    2.353926  (     307)
         360    0.898595    2.353943  (     518)
         361    0.885365    2.353958  (     339)
         362    0.912724    2.354016  (     799)
         363    0.905814    2.354575  (     646)
         364    0.898762    2.354601  (     522)
         365    0.909380    2.355193  (     720)
         366    0.842983    2.355747  (      45)
         367    0.908210    2.355772  (     699)
         368    0.887909    2.356026  (     367)
         369    0.909043    2.356481  (     713)
         370    0.906102    2.356551  (     657)
         371    0.906399    2.356760  (     660)
         372    0.896013    2.357023  (     471)
         373    0.908298    2.357061  (     700)
         374    0.910728    2.357074  (     753)
         375    0.900586    2.357267  (     551)
         376    0.883203    2.357327  (     321)
         377    0.896787    2.357462  (     486)
         378    0.904552    2.357580  (     626)
         379    0.895471    2.357668  (     457)
         380    0.901194    2.357701  (     557)
         381    0.898376    2.358218  (     512)
         382    0.904518    2.358482  (     625)
         383    0.895689    2.358533  (     462)
         384    0.879122    2.358608  (     281)
         385    0.895233    2.358711  (     452)
         386    0.904200    2.359300  (     620)
         387    0.886364    2.359790  (     344)
         388    0.909427    2.359891  (     722)
         389    0.906106    2.360027  (     658)
         390    0.899625    2.360106  (     539)
         391    0.858618    2.360383  (      86)
         392    0.896270    2.360952  (     478)
         393    0.903510    2.361019  (     604)
         394    0.905132    2.361054  (     633)
         395    0.903826    2.361076  (     612)
         396    0.905156    2.361140  (     634)
         397    0.906709    2.361199  (     664)
         398    0.888777    2.361313  (     377)
         399    0.903685    2.361576  (     607)
         400    0.896717    2.362198  (     483)
