Model_ID, [(c_i,i=0,n)_j,j=1,ntask]
           1    0.2866959096E+01    0.2614702759E+01
           2    0.6072069868E+01    0.2231371530E-02
           3    0.6080851850E+01    0.8632171856E-03
           4    0.4985369546E+01   -0.2868880641E+01
           5    0.4951230340E+01   -0.7131263223E+01
           6    0.4950540238E+01    0.7071727607E+02
           7    0.4901618508E+01    0.1083757549E-01
           8    0.4936001334E+01   -0.5323650877E+01
           9    0.8586657440E+01   -0.4182538577E-01
          10    0.5031071027E+01   -0.3879055895E+01
          11    0.4994476871E+01    0.3371984299E-01
          12    0.4937411953E+01    0.3854933849E-02
          13    0.6159642679E+01    0.3817843168E-02
          14    0.4978343924E+01   -0.1296610450E+01
          15    0.5021088109E+01    0.4029536448E+01
          16    0.4929806626E+01   -0.2443788045E+01
          17    0.5002523886E+01   -0.2845622997E+01
          18    0.4964159965E+01   -0.5392126867E+01
          19    0.5022226474E+01   -0.2991400673E+01
          20    0.4898855965E+01   -0.3995148587E-01
          21    0.2824325386E+01    0.1337502446E+04
          22    0.4944315272E+01   -0.2445128693E+00
          23    0.5037488124E+01   -0.3986843274E+01
          24    0.5006452958E+01   -0.1525479912E-01
          25    0.4908608333E+01   -0.2637046502E-02
          26    0.4896796035E+01   -0.1244137917E+02
          27    0.4939200647E+01   -0.5711417470E+01
          28    0.5014090536E+01   -0.4857015659E+01
          29    0.4905734130E+01   -0.5698179374E+01
          30    0.4876497846E+01   -0.2980924381E-01
          31    0.4920377197E+01   -0.1825529899E+00
          32    0.4946430463E+01   -0.7317571323E+01
          33    0.4969238667E+01   -0.1140362572E+02
          34    0.4956956703E+01   -0.1629843662E-01
          35    0.4951310886E+01   -0.2430529292E+01
          36    0.6066321486E+01    0.2220190539E-03
          37    0.4906474204E+01   -0.8202150189E+00
          38    0.4875480336E+01   -0.9291733579E+01
          39    0.4888217836E+01   -0.1754421061E+01
          40    0.4897645249E+01   -0.1089468208E+02
          41    0.4898039036E+01   -0.1990584388E-01
          42    0.5658834751E+01   -0.1780306917E+01
          43    0.4874095454E+01   -0.9502895235E+00
          44    0.4868412513E+01   -0.1311669062E+01
          45    0.4897745196E+01   -0.5239112980E-02
          46    0.9358685484E+01   -0.4509701988E+01
          47    0.9901781081E+01   -0.1313847590E+01
          48    0.4930241774E+01   -0.1607548012E+01
          49    0.9418404545E+01    0.2452253457E+00
          50    0.4954006158E+01   -0.3212635363E-01
          51    0.4860845424E+01   -0.7104402420E+00
          52    0.5747987515E+01   -0.2006201583E+01
          53    0.6120390108E+01   -0.5366850711E-03
          54    0.2936318864E+01    0.2430850208E+03
          55    0.6026661701E+01   -0.6290327519E-04
          56    0.4902870632E+01   -0.7101401345E+00
          57    0.5081963006E+01    0.2731094288E+00
          58    0.8313159322E+01   -0.2947395138E+00
          59    0.4898656861E+01   -0.1449206016E+01
          60    0.9199169995E+01   -0.3946619328E+00
          61    0.4919667018E+01   -0.1794335108E+01
          62    0.6148670234E+01    0.5679385808E-03
          63    0.4808071490E+01   -0.1074386412E+02
          64    0.9128704287E+01    0.4524044351E+00
          65    0.6130601192E+01   -0.4199481994E-02
          66    0.4895581815E+01   -0.1631681411E+01
          67    0.5020578082E+01   -0.7206071710E+00
          68    0.4972401475E+01   -0.3645596946E+03
          69    0.4872187324E+01    0.1487950855E+01
          70    0.4888028952E+01    0.1670974897E+01
          71    0.8580572759E+01   -0.1856220114E+01
          72    0.4874785915E+01   -0.6699063645E+03
          73    0.6071107727E+01   -0.3082386029E-03
          74    0.9016121946E+01    0.4059393709E+00
          75    0.4789977772E+01   -0.1412271316E+02
          76    0.4862068596E+01   -0.6325239654E+03
          77    0.4893302991E+01    0.1684734721E+01
          78    0.4839925592E+01   -0.1352249171E-01
          79    0.4851755069E+01   -0.1006373142E+00
          80    0.4986477501E+01   -0.7221735606E-01
          81    0.9416160876E+01    0.1347145585E+01
          82    0.4992430282E+01   -0.4999691274E+01
          83    0.4850325697E+01   -0.9738390050E-02
          84    0.4893242707E+01    0.3581787590E+01
          85    0.4916889921E+01   -0.7184771972E-01
          86    0.4910906191E+01   -0.1070943906E+02
          87    0.4930075526E+01   -0.5032768000E+02
          88    0.4995669780E+01   -0.5008855011E+02
          89    0.4843248510E+01   -0.1185217257E+01
          90    0.4843811883E+01   -0.3932062194E-02
          91    0.4998200921E+01   -0.6612789549E+01
          92    0.9512112046E+01   -0.2524066918E+00
          93    0.4924308348E+01   -0.1515926682E+03
          94    0.4931748263E+01   -0.9128703922E-01
          95    0.4887104276E+01   -0.8321332577E-01
          96    0.1152602135E+02   -0.2667495483E-02
          97    0.9208006683E+01    0.4650557754E+00
          98    0.4847939261E+01   -0.1084617798E+01
          99    0.4873601143E+01   -0.1211144396E+01
         100    0.4982049618E+01   -0.1080962828E+02
         101    0.4896275985E+01   -0.2416668641E-01
         102    0.9502808740E+01   -0.2148572058E+00
         103    0.4862008044E+01    0.1699433910E+00
         104    0.4874436460E+01    0.8771888083E-01
         105    0.4838828739E+01   -0.4214733551E+01
         106    0.1135652876E+02   -0.5672448515E+01
         107    0.4867235484E+01   -0.3615405555E+01
         108    0.9051309101E+01   -0.4617016986E+00
         109    0.8986756646E+01    0.4033630903E+00
         110    0.4848211719E+01   -0.1197777393E+01
         111    0.2173340072E+02   -0.1046923054E+00
         112    0.4902237488E+01   -0.5908291971E-01
         113    0.4993233578E+01    0.4413702669E-02
         114    0.4864837896E+01   -0.1350709605E+01
         115    0.5004321097E+01   -0.7688915044E-03
         116    0.4827296354E+01   -0.3159459131E+01
         117    0.4842871452E+01   -0.1224930706E+01
         118    0.5004407582E+01   -0.1674115874E+01
         119    0.9046762117E+01    0.4259455597E+00
         120    0.9145579427E+01    0.4337342285E+00
         121    0.4821975965E+01    0.1115235024E+01
         122    0.4914203437E+01   -0.1626061956E+01
         123    0.4836965563E+01    0.1252647877E+01
         124   -0.4016364687E+01    0.1462613128E+03
         125    0.9020045551E+01    0.4566209274E+00
         126    0.5019074994E+01   -0.6334793009E+03
         127    0.4975998458E+01   -0.1038433829E-03
         128    0.4993716197E+01   -0.2802815165E+00
         129    0.4832340968E+01   -0.5953026750E+00
         130    0.4943296814E+01   -0.2599488613E+02
         131    0.4828121111E+01   -0.3202700582E+00
         132    0.4780546934E+01   -0.4876549385E+01
         133    0.4861053186E+01   -0.2956007950E-01
         134    0.5260071560E+01    0.2485549528E+04
         135    0.5005122428E+01    0.1400140010E+04
         136    0.4971713870E+01    0.3636097113E+01
         137    0.4841162015E+01    0.1264532439E+01
         138    0.4890687382E+01   -0.2208449301E+00
         139    0.5005413785E+01    0.2247642029E+03
         140    0.4971046026E+01   -0.1552562523E-01
         141    0.1146690304E+02   -0.1076426401E+04
         142    0.9105386811E+01    0.4410944543E+00
         143    0.4866238203E+01   -0.2202668094E+00
         144    0.4820695232E+01   -0.1079941054E+02
         145    0.9091029394E+01   -0.3951684289E+00
         146    0.5144192495E+01   -0.1583762591E-01
         147    0.4829716819E+01   -0.1246392457E+00
         148    0.5004542721E+01   -0.2406794956E+00
         149    0.5005365424E+01    0.4101970253E+03
         150    0.9225361290E+01    0.4128034392E+00
         151    0.5346615781E+01    0.1752133520E+04
         152    0.4975462436E+01   -0.8492040729E-01
         153    0.4999739388E+01    0.2694491192E+04
         154    0.5007220780E+01    0.2203803640E+03
         155    0.9844406780E+01   -0.1015345823E+02
         156    0.4990274521E+01   -0.3200137504E+01
         157    0.5004245600E+01    0.2111874634E+04
         158    0.4997439521E+01    0.1761472385E+04
         159    0.8855114284E+01    0.5959107144E-02
         160    0.4861202405E+01   -0.9245054126E+01
         161    0.5010717967E+01    0.1084567056E+03
         162    0.4999853573E+01    0.8788359527E+03
         163    0.4965882500E+01   -0.2320100927E+01
         164    0.4820931229E+01   -0.3158623988E+01
         165    0.4945633194E+01   -0.1200495824E-01
         166    0.5006500024E+01    0.2333364892E+03
         167    0.4801384171E+01   -0.6676582501E+00
         168    0.4984457682E+01   -0.2478722333E+00
         169    0.5010393899E+01    0.5585527669E+03
         170    0.5156489093E+01   -0.6422572246E-02
         171    0.9261208069E+01   -0.4302774320E+00
         172    0.5003585004E+01    0.2070576191E+04
         173    0.4979620986E+01   -0.3604414137E+00
         174    0.4897906389E+01   -0.1763583625E+00
         175    0.9290912401E+01    0.1368905550E+01
         176    0.5001971783E+01    0.1374623726E+02
         177    0.5262313287E+01   -0.8966507328E-03
         178    0.8895402658E+01    0.6681654052E-02
         179    0.5135312092E+01   -0.4357391059E+00
         180    0.5006809620E+01    0.7488860712E+03
         181    0.5006638126E+01    0.1808761522E+02
         182    0.5337536623E+01    0.3936431039E+03
         183    0.4994266799E+01   -0.5834387865E-02
         184    0.5001657997E+01    0.7079365965E+02
         185    0.5007811173E+01    0.5754023662E+02
         186    0.5009985535E+01    0.1817771407E+03
         187    0.5010009535E+01    0.5474543174E+03
         188    0.5013219425E+01   -0.2064324459E+03
         189    0.5006420965E+01    0.9315550797E+02
         190    0.5012496870E+01    0.2577761123E+04
         191    0.5008364852E+01    0.3634362343E+01
         192    0.5079469575E+01    0.3110778167E-02
         193    0.5012789698E+01    0.1567871288E+03
         194    0.4948471241E+01    0.7911840045E+02
         195    0.5007233187E+01    0.2962929765E+03
         196    0.5013129006E+01    0.1151992291E+03
         197    0.4970471469E+01   -0.1269336753E+02
         198    0.5013346401E+01    0.1980325691E+03
         199    0.1168155170E+02   -0.4092668503E+00
         200    0.5013253621E+01    0.4783193801E+01
         201    0.5003592970E+01    0.2484484543E+04
         202    0.4996881139E+01    0.3867234552E+03
         203    0.5009729135E+01    0.1867031364E+03
         204    0.5006996191E+01    0.2814158836E+02
         205    0.5056111636E+01    0.1871559523E-01
         206    0.5014286324E+01    0.1521389197E+02
         207    0.5012922918E+01    0.1901521882E+03
         208    0.5003746674E+01    0.3267165719E+03
         209   -0.3824779352E+01    0.9827611622E+01
         210    0.5011654570E+01   -0.2092079256E+03
         211    0.5009073761E+01    0.1430821418E+02
         212    0.5013296330E+01   -0.2683651450E+03
         213    0.5009991071E+01    0.2655618883E+03
         214    0.4998969385E+01    0.2358997643E+01
         215    0.5009147919E+01    0.1104806835E+04
         216    0.4856206068E+01   -0.7035236179E+00
         217    0.5006117467E+01    0.9131763487E+02
         218    0.5166431962E+01   -0.3788852076E-02
         219    0.5010584364E+01    0.6297094529E+00
         220    0.5004693640E+01    0.1039165898E+04
         221    0.5004588723E+01    0.2509943285E+02
         222    0.5014378876E+01    0.4457932984E+01
         223    0.5004497489E+01    0.6062414361E+00
         224    0.5008514566E+01    0.4299197641E+03
         225    0.5012510127E+01    0.6874161985E+02
         226    0.5018885356E+01   -0.6633306922E+00
         227    0.4995650733E+01    0.1769953051E+04
         228    0.5010425196E+01    0.1005329535E+03
         229    0.5009903526E+01    0.9113241630E+01
         230    0.5007143182E+01    0.2904531428E+03
         231    0.5004705854E+01    0.6460708516E+03
         232    0.5158057616E+01   -0.1331124420E+00
         233    0.4998653062E+01    0.1214880185E+02
         234    0.5005519930E+01    0.1928262423E+01
         235    0.4799322312E+01   -0.9311033685E-01
         236    0.4985682662E+01    0.4598226989E+03
         237    0.8905073872E+01    0.6719772399E-02
         238    0.5009430941E+01    0.1367402299E+04
         239    0.4999789125E+01    0.4144567413E+03
         240    0.5009338396E+01    0.3302763268E+02
         241    0.5009257920E+01    0.7977393182E+00
         242    0.5009187940E+01    0.1926844410E-01
         243    0.5009933681E+01    0.9212819087E+02
         244    0.5010203914E+01   -0.1073640631E+03
         245    0.5000548876E+01   -0.3643527461E+01
         246    0.5006703956E+01   -0.5921246295E+01
         247    0.5000801821E+01    0.1318248051E+04
         248    0.4985376957E+01    0.2368113499E+04
         249    0.5010368399E+01    0.1050511849E+03
         250    0.5010244418E+01    0.2537323222E+01
         251    0.5008915556E+01    0.1018333539E+03
         252    0.4854665203E+01   -0.1305570304E+01
         253    0.5012977319E+01    0.3110804948E+03
         254    0.5016997144E+01   -0.9855976110E+01
         255    0.5010367030E+01    0.1028139434E+03
         256    0.5010353512E+01   -0.1082521660E+03
         257    0.4994829175E+01    0.2632882786E+03
         258    0.5016952003E+01    0.7020690088E+02
         259    0.5007248005E+01    0.1974636522E+01
         260    0.1029914046E+02   -0.3401623952E+00
         261    0.5156921910E+01   -0.8187425525E-03
         262    0.4996708480E+01    0.2725745042E+01
         263    0.5011417971E+01    0.8070854081E+01
         264    0.5004636695E+01    0.3101346257E+03
         265    0.5010943630E+01   -0.1221909493E+03
         266    0.5009234388E+01    0.2862341409E+04
         267    0.4825100430E+01   -0.3999051746E-01
         268    0.5242507084E+01    0.3111571828E+04
         269    0.5005818405E+01    0.2957610118E+03
         270    0.4994504868E+01    0.1355919769E+04
         271    0.5003467082E+01    0.3683687692E+01
         272    0.4846918998E+01   -0.3647892970E+00
         273    0.4989344418E+01    0.3916096398E+01
         274    0.5017070900E+01    0.3615786116E+03
         275    0.5017132067E+01    0.1438809295E+04
         276    0.5012608714E+01    0.6200936743E+00
         277    0.5000746447E+01    0.5606912961E+02
         278    0.5009798178E+01    0.1340340792E+04
         279    0.5164593696E+01   -0.1948901231E-03
         280    0.4984859140E+01    0.2320519512E+04
         281    0.4996497635E+01    0.1186763094E+02
         282    0.5008167064E+01    0.8898221456E+01
         283    0.5011630160E+01    0.2864032449E+04
         284    0.5002873853E+01    0.3812515764E+01
         285    0.5142571309E+01   -0.7966497667E-03
         286    0.4983281053E+01    0.1540533866E+02
         287    0.4994653407E+01    0.7875054258E-01
         288    0.5001696260E+01    0.1783382804E+03
         289    0.5001262938E+01    0.6962563698E+02
         290    0.5008110511E+01   -0.1696609822E+03
         291    0.5001590868E+01    0.4307473284E+01
         292    0.5001499221E+01    0.1040407389E+00
         293    0.4985207873E+01    0.6728380014E+02
         294    0.4828899234E+01   -0.1329017724E-01
         295    0.4834566453E+01   -0.8909134097E-04
         296    0.4988075921E+01    0.8394153806E+03
         297    0.1166697345E+02   -0.3261953125E+01
         298    0.4987990079E+01    0.2027498974E+02
         299    0.4991481543E+01   -0.2219241201E+04
         300    0.4847121420E+01   -0.6229610954E-01
         301    0.4990417319E+01    0.1802184761E+04
         302    0.5008291378E+01    0.4582768052E+02
         303    0.5166862354E+01   -0.2936618675E-01
         304    0.4962342772E+01    0.1904996832E+04
         305    0.4978028776E+01    0.5939562917E+03
         306    0.4833064666E+01   -0.1934437540E+00
         307    0.5003867228E+01    0.5459671586E+01
         308    0.5004785187E+01   -0.1091801629E+03
         309    0.4999772615E+01    0.4949093150E+01
         310    0.4989471363E+01    0.5378228885E+02
         311    0.4973165493E+01    0.1131865694E+02
         312    0.4996376353E+01    0.3538796252E+01
         313    0.4988936586E+01    0.6448380049E+02
         314    0.5002524849E+01    0.3309265753E+00
         315    0.5013027058E+01    0.4847769785E+03
         316    0.5012895860E+01    0.1170887806E+02
         317    0.5002687472E+01    0.5221096645E+02
         318    0.4992305904E+01    0.1704882710E+03
         319    0.4981618121E+01    0.4449046789E+00
         320    0.5000875604E+01    0.6805729004E+02
         321    0.4790758022E+01   -0.1458226224E+02
         322    0.4996074582E+01   -0.2919827445E+04
         323    0.5007084122E+01    0.2419965223E+03
         324    0.5005608888E+01   -0.9622862953E+02
         325    0.5000605324E+01    0.1000394222E+03
         326    0.4996195180E+01    0.2401064440E+04
         327    0.4998107525E+01    0.5179638539E+01
         328    0.4996848227E+01   -0.2115518567E+03
         329    0.5014207557E+01    0.3724380272E+02
         330    0.5152276686E+01   -0.5576439228E+00
         331    0.4984811202E+01    0.5624433300E+02
         332    0.4996880518E+01    0.2243077440E+03
         333    0.5013145596E+01    0.2496685792E+04
         334    0.5013095601E+01    0.6030502148E+02
         335    0.8667663374E+01   -0.5937419896E-02
         336    0.4982137331E+01    0.1100968582E+02
         337    0.4998246974E+01   -0.1765721521E+04
         338    0.5175161395E+01   -0.7407900458E-01
         339    0.4876692244E+01   -0.7890703742E+01
         340    0.8856445129E+01   -0.6412528160E-02
         341    0.4997351701E+01    0.4807126690E+03
         342    0.5153902754E+01   -0.1493851311E-02
         343    0.4997260957E+01    0.1161092322E+02
         344    0.5155973698E+01   -0.3734052427E-02
         345    0.9125786169E+01   -0.1144458998E+01
         346    0.4997888575E+01    0.7134516849E+03
         347    0.4984488680E+01    0.2896540683E+03
         348    0.4792202019E+01   -0.4839954896E+01
         349    0.4797402437E+01   -0.3245877307E-01
         350    0.5014146043E+01    0.1917917806E+03
         351    0.4808947388E+01   -0.2271995122E+02
         352    0.4972702611E+01    0.3014852681E+03
         353    0.4991367237E+01    0.2975079837E+03
         354    0.4998260468E+01    0.3693042258E+02
         355    0.4989702343E+01    0.1126609724E+03
         356    0.4827871723E+01   -0.2986321122E+00
         357    0.4994474734E+01    0.1734556471E+04
         358    0.4991132414E+01    0.1487334868E+02
         359    0.5005179036E+01    0.1527166786E+01
         360    0.1061022734E+02   -0.1305169748E+01
         361    0.5006280393E+01    0.3210432952E+03
         362    0.4958288786E+01   -0.1817468262E-01
         363    0.4991466850E+01    0.1532186346E+04
         364    0.4991326696E+01    0.9051685531E+02
         365    0.4790321747E+01   -0.9404406229E-02
         366    0.5171790147E+01   -0.1063386614E-01
         367    0.4958402463E+01   -0.7166841675E+01
         368    0.4995454411E+01   -0.2202578120E+03
         369    0.4832303660E+01   -0.9927721234E-01
         370    0.4999359387E+01   -0.2071251035E+00
         371    0.4838035853E+01   -0.6654448524E-03
         372    0.4991566519E+01    0.1519744744E+01
         373    0.9115084982E+01    0.4457274911E+00
         374    0.4965853212E+01    0.4075088546E+03
         375    0.4999611963E+01    0.6309966074E+03
         376    0.5005302567E+01    0.7865208838E+01
         377    0.4995018574E+01    0.8044914392E+02
         378    0.4978313743E+01   -0.3788976666E+01
         379    0.4986218791E+01    0.1337677808E-01
         380    0.4850735504E+01   -0.4652001894E+00
         381    0.5262988580E+01    0.7251356644E+03
         382    0.4986460864E+01    0.1336684006E+04
         383    0.4983441833E+01   -0.3772122251E+03
         384    0.5017416348E+01    0.1718486904E+03
         385    0.4824765972E+01   -0.1249154588E+02
         386    0.5374649975E+01    0.3994963883E+03
         387    0.5000487582E+01    0.3292261049E+04
         388    0.4815184888E+01   -0.1527750388E-01
         389    0.4987011832E+01    0.9967589180E+02
         390    0.4989056578E+01    0.2271435401E+03
         391    0.5159547782E+01   -0.3277795238E+01
         392    0.4984258853E+01    0.2897873628E+02
         393    0.4983180147E+01    0.2926843272E+03
         394    0.4987261254E+01    0.1026864576E+03
         395    0.4988362648E+01    0.1006342026E+03
         396    0.4987172153E+01    0.2480244721E+01
         397    0.4985925861E+01   -0.1047968217E+03
         398    0.4996654877E+01    0.1004937253E+04
         399    0.4992089520E+01   -0.8442373247E-02
         400    0.4999649769E+01    0.1058513897E+03
