        Rank        RMSE       MaxAE  Feature_ID
           1    1.305469    2.462321  (       1)
           2    1.307392    2.761631  (       2)
           3    1.500608    2.783792  (      52)
           4    1.498554    2.788827  (      44)
           5    1.494826    2.789705  (      32)
           6    1.497724    2.796296  (      41)
           7    1.429298    2.816613  (       3)
           8    1.474941    2.819648  (      16)
           9    1.458820    2.835463  (       6)
          10    1.482731    2.838598  (      21)
          11    1.494100    2.870738  (      30)
          12    1.455331    2.886489  (       4)
          13    1.484065    2.898760  (      22)
          14    1.473911    2.906542  (      14)
          15    1.525590    2.908736  (     248)
          16    1.523701    2.913638  (     196)
          17    1.519902    2.914404  (     152)
          18    1.522290    2.917281  (     172)
          19    1.509092    2.919751  (      74)
          20    1.512647    2.925213  (      96)
          21    1.525507    2.926182  (     246)
          22    1.506237    2.927140  (      62)
          23    1.525414    2.929340  (     239)
          24    1.526378    2.931037  (     281)
          25    1.514948    2.931090  (     108)
          26    1.526644    2.931582  (     297)
          27    1.526468    2.931601  (     287)
          28    1.505320    2.932217  (      58)
          29    1.511693    2.936168  (      89)
          30    1.515795    2.939529  (     115)
          31    1.525946    2.940130  (     263)
          32    1.525018    2.942662  (     229)
          33    1.521170    2.944896  (     160)
          34    1.519407    2.945492  (     147)
          35    1.524589    2.945798  (     223)
          36    1.526499    2.947506  (     289)
          37    1.525776    2.948875  (     255)
          38    1.524263    2.950434  (     210)
          39    1.522462    2.951718  (     176)
          40    1.521782    2.952675  (     167)
          41    1.497975    2.953079  (      42)
          42    1.526753    2.953162  (     303)
          43    1.496073    2.953999  (      36)
          44    1.525788    2.954250  (     256)
          45    1.526975    2.954855  (     317)
          46    1.516575    2.957776  (     123)
          47    1.526725    2.959366  (     302)
          48    1.519393    2.960164  (     146)
          49    1.526404    2.960232  (     284)
          50    1.525907    2.960961  (     258)
          51    1.522780    2.962969  (     181)
          52    1.525774    2.963678  (     254)
          53    1.524198    2.963795  (     208)
          54    1.496705    2.963828  (      38)
          55    1.519870    2.964983  (     150)
          56    1.526171    2.965528  (     273)
          57    1.523522    2.968554  (     191)
          58    1.527221    2.968750  (     339)
          59    1.527078    2.969860  (     324)
          60    1.522950    2.970423  (     183)
          61    1.526643    2.970470  (     296)
          62    1.523473    2.971363  (     189)
          63    1.526503    2.972581  (     290)
          64    1.526442    2.973888  (     285)
          65    1.519999    2.974066  (     153)
          66    1.518768    2.974658  (     139)
          67    1.527276    2.975334  (     346)
          68    1.525928    2.976893  (     260)
          69    1.522361    2.977133  (     174)
          70    1.527629    2.977150  (     380)
          71    1.526901    2.978056  (     310)
          72    1.526482    2.980149  (     288)
          73    1.527008    2.980284  (     320)
          74    1.527420    2.980337  (     358)
          75    1.526331    2.980500  (     280)
          76    1.527623    2.980555  (     379)
          77    1.526262    2.980769  (     277)
          78    1.525351    2.981595  (     237)
          79    1.527040    2.983951  (     323)
          80    1.525751    2.984953  (     253)
          81    1.524056    2.985018  (     202)
          82    1.527544    2.985304  (     374)
          83    1.527436    2.986026  (     360)
          84    1.515925    2.988430  (     117)
          85    1.524451    2.989113  (     217)
          86    1.526507    2.989544  (     291)
          87    1.527177    2.989582  (     333)
          88    1.527679    2.989855  (     391)
          89    1.526954    2.989870  (     315)
          90    1.526901    2.990233  (     311)
          91    1.526070    2.990333  (     270)
          92    1.527120    2.990550  (     329)
          93    1.523600    2.991332  (     192)
          94    1.527408    2.992493  (     355)
          95    1.525599    2.992512  (     249)
          96    1.525276    2.992622  (     236)
          97    1.498341    2.992707  (      43)
          98    1.527213    2.993750  (     336)
          99    1.525218    2.993874  (     235)
         100    1.527648    2.994184  (     383)
         101    1.522758    2.994247  (     180)
         102    1.524360    2.994500  (     214)
         103    1.527511    2.994774  (     366)
         104    1.527218    2.995582  (     338)
         105    1.526386    2.996151  (     282)
         106    1.523861    2.996591  (     199)
         107    1.525094    2.996853  (     230)
         108    1.526628    2.996923  (     295)
         109    1.526244    2.997419  (     276)
         110    1.527489    2.998579  (     362)
         111    1.527695    2.999664  (     399)
         112    1.527520    3.000928  (     370)
         113    1.527689    3.001768  (     393)
         114    1.527651    3.001874  (     385)
         115    1.527114    3.002239  (     328)
         116    1.515894    3.002504  (     116)
         117    1.527236    3.002624  (     341)
         118    1.527532    3.002650  (     372)
         119    1.527691    3.002788  (     395)
         120    1.526058    3.003259  (     269)
         121    1.526299    3.003267  (     279)
         122    1.524099    3.003580  (     204)
         123    1.527695    3.003672  (     398)
         124    1.525567    3.003700  (     247)
         125    1.527696    3.003743  (     400)
         126    1.502116    3.004247  (      54)
         127    1.522654    3.004904  (     178)
         128    1.527659    3.004931  (     388)
         129    1.523097    3.006204  (     184)
         130    1.525979    3.006383  (     266)
         131    1.527650    3.006976  (     384)
         132    1.527685    3.007156  (     392)
         133    1.527409    3.007644  (     356)
         134    1.527366    3.007716  (     351)
         135    1.527671    3.007799  (     390)
         136    1.527692    3.007877  (     396)
         137    1.527246    3.007978  (     344)
         138    1.527240    3.008000  (     342)
         139    1.515936    3.008099  (     118)
         140    1.527699    3.008240  (     402)
         141    1.527092    3.008309  (     327)
         142    1.527207    3.008402  (     335)
         143    1.527022    3.008463  (     321)
         144    1.527244    3.008656  (     343)
         145    1.515108    3.008881  (     109)
         146    1.527698    3.008899  (     401)
         147    1.527027    3.009061  (     322)
         148    1.526986    3.009147  (     319)
         149    1.525646    3.009666  (     250)
         150    1.527647    3.009942  (     382)
         151    1.515969    3.010529  (     119)
         152    1.527690    3.010617  (     394)
         153    1.527694    3.010642  (     397)
         154    1.526774    3.011456  (     304)
         155    1.526930    3.011517  (     314)
         156    1.526889    3.011570  (     309)
         157    1.527603    3.011696  (     378)
         158    1.518508    3.011774  (     136)
         159    1.524928    3.012026  (     227)
         160    1.471395    3.012108  (      12)
         161    1.525691    3.012315  (     251)
         162    1.525965    3.012832  (     264)
         163    1.527463    3.012856  (     361)
         164    1.527493    3.012882  (     364)
         165    1.523302    3.012968  (     187)
         166    1.527645    3.013186  (     381)
         167    1.527371    3.013313  (     352)
         168    1.527311    3.013324  (     349)
         169    1.527084    3.013870  (     326)
         170    1.520505    3.013932  (     156)
         171    1.526274    3.014152  (     278)
         172    1.509865    3.014167  (      77)
         173    1.527535    3.014555  (     373)
         174    1.527654    3.014602  (     386)
         175    1.525189    3.014672  (     232)
         176    1.527518    3.014688  (     368)
         177    1.524305    3.015502  (     213)
         178    1.527306    3.015698  (     348)
         179    1.525974    3.015725  (     265)
         180    1.527228    3.016346  (     340)
         181    1.527670    3.016609  (     389)
         182    1.522696    3.016867  (     179)
         183    1.526690    3.017192  (     300)
         184    1.527518    3.017532  (     367)
         185    1.527420    3.018034  (     357)
         186    1.527282    3.018275  (     347)
         187    1.527572    3.019150  (     376)
         188    1.523650    3.021175  (     195)
         189    1.524279    3.021303  (     212)
         190    1.518411    3.021479  (     135)
         191    1.526009    3.021851  (     267)
         192    1.518738    3.022304  (     138)
         193    1.526706    3.022428  (     301)
         194    1.527492    3.022538  (     363)
         195    1.527563    3.022639  (     375)
         196    1.527397    3.022788  (     353)
         197    1.527659    3.023225  (     387)
         198    1.526607    3.023257  (     293)
         199    1.527494    3.024197  (     365)
         200    1.527519    3.024400  (     369)
         201    1.527428    3.024639  (     359)
         202    1.457806    3.025825  (       5)
         203    1.512636    3.026514  (      95)
         204    1.516498    3.027185  (     121)
         205    1.527321    3.027371  (     350)
         206    1.526191    3.029470  (     274)
         207    1.518258    3.029955  (     134)
         208    1.524514    3.030231  (     218)
         209    1.526846    3.030821  (     308)
         210    1.523149    3.031309  (     185)
         211    1.526571    3.033031  (     292)
         212    1.527601    3.033227  (     377)
         213    1.527189    3.033615  (     334)
         214    1.512804    3.033810  (      97)
         215    1.521639    3.034523  (     166)
         216    1.525727    3.035245  (     252)
         217    1.527082    3.035418  (     325)
         218    1.526793    3.035542  (     305)
         219    1.526912    3.036279  (     312)
         220    1.526831    3.036329  (     307)
         221    1.519188    3.036607  (     143)
         222    1.516544    3.037070  (     122)
         223    1.527525    3.038242  (     371)
         224    1.527130    3.039485  (     330)
         225    1.517500    3.040198  (     127)
         226    1.514728    3.040580  (     106)
         227    1.527272    3.041193  (     345)
         228    1.524055    3.041287  (     201)
         229    1.517667    3.041592  (     129)
         230    1.527405    3.041672  (     354)
         231    1.517984    3.042230  (     130)
         232    1.492262    3.042339  (      27)
         233    1.506553    3.042376  (      64)
         234    1.525940    3.043156  (     262)
         235    1.518069    3.044389  (     131)
         236    1.514693    3.044395  (     105)
         237    1.526683    3.044627  (     299)
         238    1.519770    3.045047  (     149)
         239    1.527135    3.046709  (     331)
         240    1.513835    3.047072  (     100)
         241    1.526079    3.047373  (     271)
         242    1.510586    3.048324  (      81)
         243    1.525917    3.048530  (     259)
         244    1.526978    3.051694  (     318)
         245    1.524740    3.052236  (     226)
         246    1.521991    3.052377  (     170)
         247    1.525208    3.052522  (     233)
         248    1.507944    3.054344  (      70)
         249    1.525216    3.055300  (     234)
         250    1.500133    3.057306  (      49)
         251    1.513904    3.057631  (     102)
         252    1.513030    3.058332  (      98)
         253    1.524089    3.058787  (     203)
         254    1.527214    3.058889  (     337)
         255    1.524106    3.060459  (     205)
         256    1.517289    3.060815  (     126)
         257    1.523707    3.060930  (     197)
         258    1.524117    3.061144  (     207)
         259    1.524985    3.062640  (     228)
         260    1.524266    3.065063  (     211)
         261    1.524381    3.065093  (     215)
         262    1.525800    3.065380  (     257)
         263    1.526920    3.065727  (     313)
         264    1.524217    3.066387  (     209)
         265    1.524521    3.066799  (     219)
         266    1.524662    3.066843  (     225)
         267    1.524562    3.066859  (     222)
         268    1.526209    3.068122  (     275)
         269    1.523931    3.068740  (     200)
         270    1.523515    3.068994  (     190)
         271    1.522414    3.069356  (     175)
         272    1.518146    3.069394  (     133)
         273    1.506185    3.071026  (      61)
         274    1.525096    3.071351  (     231)
         275    1.523154    3.072895  (     186)
         276    1.523304    3.073540  (     188)
         277    1.512341    3.074713  (      92)
         278    1.525931    3.075169  (     261)
         279    1.509157    3.075397  (      75)
         280    1.511172    3.079729  (      85)
         281    1.522315    3.079970  (     173)
         282    1.512277    3.086825  (      91)
         283    1.526964    3.088776  (     316)
         284    1.520421    3.088946  (     155)
         285    1.521621    3.091220  (     165)
         286    1.521288    3.092019  (     162)
         287    1.512449    3.092036  (      93)
         288    1.497233    3.093506  (      39)
         289    1.515449    3.094691  (     110)
         290    1.526671    3.095208  (     298)
         291    1.521499    3.096519  (     164)
         292    1.516956    3.096674  (     124)
         293    1.527170    3.096980  (     332)
         294    1.511473    3.099423  (      87)
         295    1.526387    3.100258  (     283)
         296    1.515496    3.101045  (     111)
         297    1.524439    3.101652  (     216)
         298    1.514855    3.101716  (     107)
         299    1.511189    3.103063  (      86)
         300    1.522120    3.105835  (     171)
         301    1.515581    3.105836  (     112)
         302    1.509577    3.106233  (      76)
         303    1.518823    3.106351  (     142)
         304    1.526058    3.107158  (     268)
         305    1.496036    3.111129  (      35)
         306    1.520637    3.112203  (     157)
         307    1.526149    3.112679  (     272)
         308    1.518099    3.112708  (     132)
         309    1.526826    3.113652  (     306)
         310    1.520200    3.115337  (     154)
         311    1.525466    3.115610  (     244)
         312    1.526623    3.117879  (     294)
         313    1.513871    3.118016  (     101)
         314    1.510902    3.118815  (      83)
         315    1.513667    3.119940  (      99)
         316    1.514074    3.121737  (     103)
         317    1.525432    3.122474  (     241)
         318    1.507640    3.123308  (      68)
         319    1.525420    3.125356  (     240)
         320    1.524543    3.126852  (     220)
         321    1.511671    3.127465  (      88)
         322    1.517656    3.127660  (     128)
         323    1.521038    3.128281  (     159)
         324    1.517190    3.133413  (     125)
         325    1.521270    3.133824  (     161)
         326    1.523619    3.134996  (     193)
         327    1.484576    3.135096  (      24)
         328    1.524590    3.136256  (     224)
         329    1.499300    3.140459  (      47)
         330    1.518523    3.141838  (     137)
         331    1.515766    3.142294  (     114)
         332    1.525384    3.143486  (     238)
         333    1.519377    3.146959  (     145)
         334    1.510649    3.148397  (      82)
         335    1.519407    3.155391  (     148)
         336    1.525433    3.155593  (     242)
         337    1.522922    3.156466  (     182)
         338    1.525445    3.156767  (     243)
         339    1.525477    3.159030  (     245)
         340    1.512468    3.159204  (      94)
         341    1.507671    3.163444  (      69)
         342    1.518787    3.165144  (     141)
         343    1.522638    3.167165  (     177)
         344    1.505608    3.171410  (      60)
         345    1.521919    3.171761  (     169)
         346    1.494082    3.171818  (      29)
         347    1.524555    3.172286  (     221)
         348    1.524110    3.176185  (     206)
         349    1.515750    3.179339  (     113)
         350    1.511933    3.179401  (      90)
         351    1.514661    3.181359  (     104)
         352    1.504536    3.182171  (      57)
         353    1.521836    3.186428  (     168)
         354    1.511065    3.186812  (      84)
         355    1.505536    3.186839  (      59)
         356    1.523789    3.186971  (     198)
         357    1.523628    3.187325  (     194)
         358    1.500701    3.193013  (      53)
         359    1.510176    3.193999  (      79)
         360    1.499643    3.195600  (      48)
         361    1.493192    3.196299  (      28)
         362    1.519880    3.197745  (     151)
         363    1.498737    3.200879  (      45)
         364    1.471132    3.204960  (      11)
         365    1.508381    3.207004  (      72)
         366    1.495812    3.215294  (      33)
         367    1.495928    3.220385  (      34)
         368    1.526451    3.227893  (     286)
         369    1.521014    3.229458  (     158)
         370    1.508801    3.238633  (      73)
         371    1.521296    3.241958  (     163)
         372    1.508124    3.244194  (      71)
         373    1.491917    3.245455  (      26)
         374    1.488022    3.250492  (      25)
         375    1.494227    3.255109  (      31)
         376    1.518775    3.261112  (     140)
         377    1.519356    3.271594  (     144)
         378    1.507484    3.273374  (      66)
         379    1.484544    3.282795  (      23)
         380    1.503811    3.291150  (      56)
         381    1.500496    3.298990  (      51)
         382    1.499049    3.300101  (      46)
         383    1.506887    3.302658  (      65)
         384    1.510124    3.312743  (      78)
         385    1.502786    3.357010  (      55)
         386    1.496082    3.372978  (      37)
         387    1.478672    3.426758  (      18)
         388    1.516433    3.455585  (     120)
         389    1.507527    3.534395  (      67)
         390    1.478408    3.570891  (      17)
         391    1.473919    3.586601  (      15)
         392    1.497689    3.631391  (      40)
         393    1.510239    3.631699  (      80)
         394    1.479224    3.680733  (      19)
         395    1.506287    3.734264  (      63)
         396    1.480478    3.794236  (      20)
         397    1.472521    4.020734  (      13)
         398    1.462130    4.128018  (       7)
         399    1.500209    4.149297  (      50)
         400    1.468962    4.171519  (      10)
