Model_ID, [(c_i,i=0,n)_j,j=1,ntask]
           1   -0.3756854429E+01    0.3463633063E+02
           2    0.1265284221E+02   -0.1924743762E+01
           3    0.3399628420E+01    0.2276178970E-01
           4    0.3340031125E+01    0.1683329194E+02
           5    0.2314839030E+01    0.3393937840E+00
           6    0.3316345396E+01    0.1150923014E+00
           7    0.1452223140E+01    0.2227657476E-01
           8    0.3492120830E+01    0.8113526992E-01
           9    0.3586891380E+01    0.2086925950E-01
          10    0.5029665169E+01   -0.1425656997E+01
          11    0.3222227594E+01    0.3532583863E+00
          12    0.3581907003E+01    0.2576382058E-01
          13    0.3116188548E+01    0.5568786865E-01
          14    0.2412991016E+01    0.4067413531E+00
          15    0.4296803558E+01    0.1135288507E+00
          16    0.4350624918E+01   -0.3748821852E+00
          17    0.4616629553E+01   -0.1677556376E-01
          18    0.4183147044E+01   -0.3805904448E-01
          19    0.3708149862E+01    0.7750347483E+01
          20    0.3585656018E+01    0.7384866823E-03
          21    0.4336201201E+01   -0.1847177864E+00
          22    0.3453341041E+01    0.1911361689E+01
          23    0.4335689514E+01   -0.1818578870E-02
          24    0.3607642545E+01   -0.8168678619E-01
          25    0.4706318166E+01   -0.3653607587E-02
          26    0.4197702167E+01   -0.1857339061E-01
          27    0.4214299224E+01   -0.2563768677E-02
          28    0.3756647349E+01    0.1244561730E-01
          29    0.4744666137E+01   -0.3870041335E+01
          30    0.3989838681E+01   -0.2036774247E+00
          31    0.4060825843E+01    0.1071137847E+00
          32    0.3216593418E+01    0.5274279351E-01
          33    0.4594900152E+01   -0.8525599409E+00
          34    0.5565837222E+01   -0.1666485611E+00
          35    0.4315423268E+01   -0.2880966040E-01
          36    0.3925443327E+01    0.3046494202E-01
          37    0.4404089908E+01   -0.5922142489E-01
          38    0.4509263246E+01   -0.9074992972E-01
          39    0.3763968975E+01    0.4566911481E-01
          40    0.3352094171E+01    0.1014136415E-01
          41    0.4214670616E+01   -0.3188400224E+00
          42    0.4312921331E+01   -0.2558918993E-03
          43    0.3300266953E+01    0.9055301572E+00
          44    0.4199142437E+01   -0.6099191428E-02
          45    0.3889386081E+01    0.2841801043E-01
          46    0.4534576794E+01   -0.2326698335E-02
          47    0.4308246977E+01   -0.8321795454E+00
          48    0.3059518432E+01    0.1888301467E+00
          49    0.4212749794E+01   -0.1672379826E-03
          50    0.3798779691E+01    0.1819227845E-01
          51    0.4542942718E+01   -0.2568914616E+00
          52    0.4430202590E+01   -0.2870162869E-01
          53    0.4385988900E+01    0.8424891713E-01
          54    0.3321602096E+01    0.5889762709E-02
          55    0.3022071412E+01    0.9555888149E+01
          56    0.4283029441E+01    0.9009218615E-01
          57    0.4514214233E+01   -0.4991144603E-01
          58    0.4298905067E+01   -0.3970293181E+00
          59    0.3919512497E+01    0.2598084522E-01
          60    0.4568001335E+01   -0.3631192427E-03
          61    0.4088217190E+01    0.1077192779E-02
          62    0.4487248426E+01   -0.3134223302E-02
          63    0.4070793558E+01    0.8188886198E+00
          64    0.4063491813E+01    0.5664697143E-02
          65    0.3319257668E+01    0.1735710159E-02
          66    0.2828985611E+01    0.7360869651E-01
          67    0.4232805435E+01   -0.6801310840E-03
          68    0.4030306359E+01    0.1933747612E-01
          69    0.4467894145E+01   -0.3711188511E-03
          70    0.4246941426E+01   -0.1067058207E+01
          71    0.4205103577E+01    0.1388324258E+00
          72    0.4359377306E+01   -0.6831305882E+00
          73    0.4362517033E+01   -0.3177756856E-04
          74    0.4288983366E+01   -0.8872067471E-03
          75    0.4366193841E+01   -0.1065210148E-02
          76    0.4275758009E+01   -0.1596993685E-01
          77    0.4369113705E+01   -0.1647643496E+00
          78    0.3960606493E+01    0.2332852000E-01
          79    0.4122340382E+01   -0.1032901860E-01
          80    0.4388113492E+01   -0.7030958358E-01
          81    0.4432132700E+01   -0.6623404670E+00
          82    0.4284294601E+01   -0.3274460533E-01
          83    0.4280652437E+01    0.3084255194E-01
          84    0.4548929695E+01   -0.2508947539E+00
          85    0.4125353838E+01    0.7075168099E+00
          86    0.4067756120E+01    0.1597964161E-01
          87    0.4337200285E+01   -0.3371723963E-01
          88    0.4259288973E+01   -0.1616061232E-02
          89    0.4340200380E+01   -0.6161901883E-02
          90    0.4391637981E+01   -0.4619682847E-02
          91    0.4026016841E+01    0.1876493885E-01
          92    0.4280161316E+01   -0.2424917013E-01
          93    0.4776103321E+01   -0.4586491475E-02
          94    0.4302707810E+01   -0.1936832766E-02
          95    0.3986674761E+01    0.2119968064E-01
          96    0.4400678688E+01   -0.2775363938E-01
          97    0.3375815105E+01    0.3816761634E+01
          98    0.4206164303E+01   -0.1019984890E-01
          99    0.4401782729E+01   -0.4197199466E+01
         100    0.4267248720E+01    0.3213594758E-01
         101    0.4025778979E+01    0.1358131375E-02
         102    0.3742729727E+01    0.2649540987E-01
         103    0.4250906825E+01   -0.1562071496E-01
         104    0.4317724004E+01   -0.1191493823E+01
         105    0.3816237539E+01    0.3791396682E-01
         106    0.4395402830E+01    0.9608210340E-01
         107    0.4403731816E+01   -0.6153317239E-02
         108    0.4082638637E+01   -0.1467762999E-01
         109    0.4108242694E+01    0.5053526268E+00
         110    0.4304864259E+01   -0.7108661059E+01
         111    0.4261269435E+01    0.1879541151E-02
         112    0.4366591903E+01   -0.8112765216E-01
         113    0.4269585909E+01   -0.1169422230E-02
         114    0.4224957882E+01    0.2171047071E-01
         115    0.4352005167E+01   -0.4215765232E-01
         116    0.4010847055E+01    0.6231436698E-01
         117    0.4151127556E+01    0.7846129627E-02
         118    0.4333927542E+01   -0.4819452668E-05
         119    0.4277162595E+01   -0.2038585055E-01
         120    0.4303439387E+01   -0.4703724263E-02
         121    0.4037394780E+01    0.1706744401E-01
         122    0.4275642960E+01    0.1230174542E-01
         123    0.4267837802E+01   -0.2255549152E+00
         124    0.4022904359E+01    0.4076483134E-03
         125    0.4261910326E+01   -0.1346770756E-05
         126    0.1298634549E+01    0.6747748722E+00
         127    0.3858672608E+01    0.4569672036E-02
         128    0.4255089681E+01   -0.2601223561E-01
         129    0.4156274347E+01    0.4576894165E-01
         130    0.4223933813E+01   -0.1539776924E-01
         131    0.4264704180E+01   -0.1230173226E-04
         132    0.4264588274E+01   -0.6594055681E-05
         133    0.4263607479E+01   -0.3164632046E-04
         134    0.4263367874E+01   -0.6013231374E-05
         135    0.4264360576E+01    0.1261880907E-02
         136    0.4250174135E+01    0.2193390121E-02
         137    0.4263050568E+01   -0.2081523254E-02
         138    0.4263126181E+01   -0.2816195503E-03
         139    0.4008681862E+01    0.4350158231E+02
         140    0.4271785148E+01   -0.5670193069E-03
         141    0.4262530231E+01   -0.8354427680E-03
         142    0.4262687148E+01   -0.1424143575E-02
         143    0.4262295316E+01   -0.1882405096E-03
         144    0.4261655545E+01   -0.2799708356E-03
         145    0.4635978645E+01   -0.1461898438E-01
         146    0.4266020160E+01    0.1556651751E-04
         147    0.4262729493E+01    0.3471956074E-02
         148    0.4260304793E+01   -0.1712089181E-02
         149    0.4019497536E+01    0.2861131646E+00
         150    0.4257086844E+01    0.2157984760E-04
         151    0.4008041938E+01    0.2907834151E+00
         152    0.4251027165E+01    0.2859513855E-02
         153    0.4294749299E+01    0.2389529173E-02
         154    0.4218687271E+01    0.4411454697E-02
         155    0.4041856474E+01    0.1378765531E+01
         156    0.4195761631E+01    0.2418184303E+01
         157    0.4254444606E+01    0.1695764072E-03
         158    0.4020944035E+01    0.9470483668E-04
         159    0.4260732748E+01    0.1107868289E-01
         160    0.2943178592E+01    0.1389429312E+03
         161    0.4019097944E+01    0.1910743391E-02
         162    0.4030542780E+01    0.5101261219E-01
         163    0.4395999849E+01   -0.5670336456E+01
         164    0.4249710570E+01    0.1338005981E-01
         165    0.4569742763E+01   -0.1021050959E-01
         166    0.4250010350E+01    0.6256389989E-01
         167    0.4246017596E+01    0.5945609297E-02
         168    0.4244558996E+01    0.1386909783E-02
         169    0.4158569092E+01    0.9318313949E-01
         170    0.4055257256E+01    0.2154288113E-02
         171    0.4102011309E+01    0.8398854777E-03
         172    0.5004657396E+01   -0.4937371931E+00
         173    0.4249773013E+01    0.2019064635E-03
         174    0.4274695038E+01    0.2260513040E-04
         175    0.4222955835E+01    0.9583910882E-01
         176    0.4234834459E+01    0.1141453046E-02
         177    0.4136314596E+01    0.6123824085E-02
         178    0.4243845019E+01    0.2708184170E-02
         179    0.4034142136E+01    0.3340918006E-03
         180    0.4168754339E+01    0.3887882295E+00
         181    0.4256239667E+01    0.4434149871E+01
         182    0.3783928089E+01    0.9483411435E-01
         183    0.4267005068E+01   -0.1343255094E-01
         184    0.4203143792E+01    0.6974553451E+00
         185    0.4360545651E+01   -0.2416517183E-04
         186    0.4244619427E+01    0.3127084603E-03
         187    0.4245631545E+01    0.1294013708E+00
         188    0.4155501821E+01    0.7799548827E+00
         189    0.3901779698E+01    0.3113381908E-01
         190    0.3540441225E+01    0.1386012071E+00
         191    0.4044124991E+01    0.2197675737E+00
         192    0.4031863291E+01    0.5198166887E+01
         193    0.4314756096E+01    0.4326890269E-01
         194    0.4378116594E+01   -0.1753550743E+01
         195    0.4250588304E+01    0.1326330286E-01
         196    0.4234515304E+01    0.7044757039E-02
         197    0.4279207092E+01    0.9300782008E-02
         198    0.4228845101E+01    0.2093889226E-01
         199    0.4452462461E+01   -0.1281960982E-01
         200    0.4362127863E+01   -0.3265400711E+00
         201    0.4057510404E+01    0.2371650975E-01
         202    0.3057953659E+01    0.2539570198E+00
         203    0.3565262541E+01    0.9490154275E+00
         204    0.4009666555E+01    0.8079901810E+00
         205    0.4245587163E+01    0.8067116779E-01
         206    0.4041194023E+01    0.4860544083E-02
         207    0.3701039102E+01    0.1376001498E+02
         208    0.4137092834E+01    0.2112405862E-01
         209    0.4187801820E+01    0.2721855231E-01
         210    0.4784762893E+01   -0.2484339650E+01
         211    0.4182345674E+01    0.1858965819E-01
         212    0.4386019884E+01    0.8694255059E-02
         213    0.4213268879E+01    0.5626611717E-01
         214    0.5668953088E+01   -0.5709444629E-01
         215    0.4782542677E+01   -0.1131997469E-02
         216    0.4155900450E+01    0.4711066057E-04
         217    0.4132698989E+01    0.3643159836E-01
         218    0.4219403099E+01    0.6230645222E-01
         219    0.4111028828E+01    0.6166490257E-04
         220    0.4101480195E+01    0.9845637840E-02
         221    0.4013057543E+01    0.3738748755E+02
         222    0.4079612980E+01    0.1150063647E-01
         223    0.4292550506E+01    0.1791367386E-02
         224    0.4237621762E+01    0.1448415545E+00
         225    0.4022605704E+01    0.2128324929E+01
         226    0.3512086897E+01    0.5334710562E+00
         227    0.4234458221E+01    0.3944288767E-02
         228    0.4177014338E+01    0.1528284711E+02
         229    0.4025174734E+01    0.1400885041E-01
         230    0.4225526432E+01    0.3943389147E-01
         231    0.4097018035E+01    0.5206469331E+01
         232    0.5876098206E+01   -0.4588735261E-01
         233    0.4535856023E+01   -0.1388061276E-01
         234    0.4191277722E+01    0.8204869990E+01
         235    0.4031646410E+01    0.9375945674E+01
         236    0.4000549559E+01    0.1180153970E+00
         237    0.3889710540E+01    0.3742282706E-02
         238    0.4148710104E+01    0.8239401261E+00
         239    0.4228748804E+01    0.3746820223E-01
         240    0.4170226092E+01    0.9999526426E+00
         241    0.4078999584E+01    0.3020197281E+00
         242    0.3715899952E+01    0.2633313013E+01
         243    0.4181734137E+01    0.6793522120E-03
         244    0.4225362177E+01    0.3977012032E+01
         245    0.4360187746E+01    0.4044744544E-01
         246    0.2870310928E+01    0.2117261217E+00
         247    0.4323885605E+01    0.5084202470E-02
         248    0.3952425143E+01    0.6121831081E+02
         249    0.4167044940E+01    0.1720067170E+01
         250    0.3084533593E+01    0.5717039459E-01
         251    0.2914777155E+01    0.3244440141E+02
         252    0.4116358878E+01    0.9768382020E+00
         253    0.4152619211E+01    0.2201882589E-01
         254    0.4330480976E+01    0.4512375346E-01
         255    0.4152200524E+01    0.1529351380E+02
         256    0.4394221653E+01   -0.2405451461E-01
         257    0.4154547729E+01    0.2191820466E-01
         258    0.4152127484E+01    0.1020259197E+00
         259    0.4415624214E+01    0.5355489840E-01
         260    0.4153724005E+01    0.2809760055E+00
         261    0.4363335411E+01   -0.2175408105E-01
         262    0.4173235638E+01    0.3266434783E-02
         263    0.4432466536E+01    0.2838471494E-01
         264    0.4166299327E+01    0.2824816104E+01
         265    0.4158946094E+01    0.7422476485E+00
         266    0.4162296120E+01    0.3287616393E+01
         267    0.4159909080E+01    0.4892319548E-02
         268    0.4324238344E+01   -0.6618785539E-02
         269    0.4182911313E+01    0.6792358504E-02
         270    0.4160894468E+01    0.9961515197E-02
         271    0.3860797834E+01    0.1258042813E-02
         272    0.4004588750E+01    0.3660422858E+00
         273    0.3568036377E+01    0.3416914005E-01
         274    0.4420701635E+01    0.9390598027E-01
         275    0.4381144904E+01   -0.8315473534E-03
         276    0.4144340388E+01    0.4355295181E-01
         277    0.3977315163E+01    0.2790389630E+03
         278    0.4036855071E+01    0.2180876237E-02
         279    0.3979300995E+01    0.5395601941E+00
         280    0.5160112624E+01   -0.1366655964E-01
         281    0.4131288271E+01    0.1040067180E+03
         282    0.5034781941E+01   -0.1491530560E+00
         283    0.4283455686E+01    0.4038666142E-01
         284    0.4408311894E+01   -0.8728333365E-03
         285    0.4653738745E+01   -0.4724428172E-01
         286    0.4118876302E+01    0.7795442522E-02
         287    0.3520982877E+01    0.2005684846E+02
         288    0.2952318869E+01    0.4399412717E+02
         289    0.4070586743E+01    0.1639799182E+00
         290    0.4336615728E+01    0.2147462548E+02
         291    0.4397731324E+01   -0.6405019080E-02
         292    0.4902281786E+01   -0.7545013669E-03
         293    0.4344528349E+01    0.5791095646E-01
         294    0.5088653006E+01   -0.2320342703E-03
         295    0.4343228428E+01    0.2942254511E+01
         296    0.4974346197E+01   -0.5812082324E+00
         297    0.4181489198E+01    0.4672200032E-01
         298    0.5005064767E+01   -0.4042858667E-02
         299    0.5109374238E+01   -0.3575762062E-01
         300    0.4380757398E+01   -0.2979774330E-02
         301    0.3642716698E+01    0.6977177588E+00
         302    0.4785780860E+01   -0.1142325950E-03
         303    0.3711018982E+01    0.3744619628E+01
         304    0.4316887038E+01    0.1191025372E-01
         305    0.2897000721E+01    0.3056697137E+00
         306    0.4406925209E+01   -0.4672781983E-01
         307    0.4353479236E+01    0.1226247209E-01
         308    0.4097526895E+01    0.2398692384E+00
         309    0.4299438416E+01   -0.4093612988E-02
         310    0.3802714352E+01    0.2929034886E+00
         311    0.4370409947E+01    0.1288958916E+01
         312    0.4309448848E+01   -0.5710503102E-01
         313    0.4398297518E+01   -0.1182397363E-01
         314    0.4528405708E+01   -0.1316091612E-02
         315    0.3548845805E+01    0.4356210403E+02
         316    0.3928606533E+01    0.9572290122E-01
         317    0.4371499999E+01    0.1884820251E-02
         318    0.6198901542E+01   -0.1143838740E-03
         319    0.4371842542E+01    0.2836773992E+00
         320    0.3599076152E+01    0.1209358290E+01
         321    0.5802696112E+01   -0.1284466303E-01
         322    0.3851019043E+01    0.2935997622E+01
         323    0.4401312703E+01   -0.1602162772E-01
         324    0.4133643548E+01    0.7161316235E+00
         325    0.4397654544E+01   -0.3375648798E-02
         326    0.4347534186E+01    0.1108603833E+00
         327    0.5276430663E+01   -0.2361182139E-01
         328    0.4932768997E+01   -0.3598649677E+00
         329    0.5275291950E+01   -0.4905982629E-04
         330    0.4430772204E+01   -0.1722453692E-03
         331    0.3953204523E+01    0.2494019351E-03
         332    0.4371871397E+01    0.1008356888E+00
         333    0.4093717869E+01    0.3490972166E+00
         334    0.2970547548E+01    0.2614913905E-02
         335    0.4450231466E+01    0.2564384049E-02
         336    0.4368056179E+01    0.3429924617E-01
         337    0.3295677880E+01    0.2560139430E-02
         338    0.4367297676E+01    0.5096750853E+01
         339    0.4365400666E+01    0.7196409571E-02
         340    0.4040082039E+01    0.5527977665E+00
         341    0.3598690282E+01    0.9053657463E-02
         342    0.5041065455E+01   -0.1077540706E+00
         343    0.3150089045E+01    0.1470617783E+00
         344    0.1241249811E+01    0.4143746458E+00
         345    0.3111900638E+01    0.4578623908E+00
         346    0.6433979513E+01   -0.4837554574E+00
         347    0.4387058750E+01    0.7811583378E+00
         348    0.4393214904E+01    0.2976279653E-02
         349    0.3658867288E+01    0.2861745657E+01
         350    0.3325534982E+01    0.2715066457E-02
         351    0.3602474986E+01    0.1442932619E+02
         352    0.6520175413E+01   -0.2005400559E-01
         353    0.5448056927E+01   -0.2940961124E+01
         354    0.2784881991E+01    0.3020063947E-01
         355    0.2056283093E+01    0.2449804483E+03
         356    0.4401692075E+01    0.4046767190E-03
         357    0.4341936723E+01    0.1156466443E+00
         358    0.5335187212E+01   -0.1134057524E+00
         359    0.1155184284E+01    0.4454396967E+00
         360    0.3857765000E+01    0.8687351605E-01
         361    0.3758678360E+01    0.6171845295E+00
         362    0.2210193137E+01   -0.3082466188E+00
         363    0.3526139729E+01    0.1398473753E+00
         364    0.3285540795E+01    0.2025247100E+02
         365    0.7689162644E+01   -0.2378032151E+02
         366    0.2381615901E+01    0.8241558993E+01
         367    0.3574302322E+01    0.2580038849E+00
         368    0.4307736301E+01    0.2123284783E+00
         369    0.4430989776E+01    0.2191503530E+01
         370    0.4000581198E+01    0.9147795883E+00
         371    0.4432213282E+01    0.2265908934E+00
         372    0.1469322061E+01    0.3789961281E+00
         373    0.2684815334E+01    0.9864859669E+00
         374    0.3221335746E+01    0.3960047493E+02
         375    0.3080897719E+01    0.1048785153E+00
         376    0.3416219432E+01    0.1433742220E+00
         377    0.6560508618E+01   -0.1058173265E-02
         378    0.3428415951E+01    0.7292902086E+01
         379    0.6303935199E+01   -0.3148180908E+01
         380    0.3168457825E+01    0.8680743139E+01
         381    0.3027071814E+01    0.1425128606E-01
         382    0.2966140678E+01    0.2247921911E+01
         383    0.4987626771E+01    0.6061867163E+00
         384    0.4542802807E+01    0.8315521173E+00
         385    0.5515797490E+01   -0.1498026034E+00
         386    0.5821824235E+01   -0.8602495728E+00
         387    0.2742657757E+01    0.2924638919E+03
         388    0.5634094005E+01   -0.3413482444E-03
         389    0.2028184802E+01    0.1280884775E+02
         390    0.8698300734E+01   -0.1175723289E-01
         391    0.6018017636E+01   -0.8616724438E-02
         392    0.8332722541E+01   -0.1137715279E-01
         393    0.6318996870E+01   -0.3542726022E+00
         394    0.1068734538E+01    0.1416868029E+03
         395    0.6747898002E+01   -0.2854750660E-02
         396    0.7339937849E+01   -0.6836320479E-01
         397    0.1095926252E+02   -0.1830132011E-01
         398   -0.2493494827E+01    0.2096521782E+04
         399    0.8163776699E+01   -0.1584613604E-01
         400    0.8998566802E+01   -0.1782373476E-01
