     Index              y_true              y_pred        descriptor_1
         1    0.2271377974E+01    0.1605543851E+01    0.2667606061E+03
         2    0.1588008659E+01    0.2277839616E+01    0.2118275062E+03
         3    0.2209839639E+01    0.2344948788E+01    0.2063440344E+03
         4    0.2463148154E+01    0.2519053103E+01    0.1921180193E+03
         5    0.2329749567E+01    0.3490331644E+01    0.1127551200E+03
         6    0.2429485571E+01    0.2585747076E+01    0.1866684733E+03
         7    0.6244289053E+01    0.4815219481E+01    0.4498903525E+01
         8    0.4424606403E+01    0.4814028729E+01    0.4596199575E+01
         9    0.4468437780E+01    0.4808358627E+01    0.5059502002E+01
        10    0.6714303958E+01    0.4795050230E+01    0.6146927440E+01
        11    0.5011133502E+01    0.4771910980E+01    0.8037629104E+01
        12    0.2724903409E+01    0.4793136442E+01    0.6303302504E+01
        13    0.5539162781E+01    0.4939626147E+01   -0.5666330514E+01
        14    0.4470408025E+01    0.4901818804E+01   -0.2577103095E+01
        15    0.3854569041E+01    0.4910911715E+01   -0.3320082301E+01
        16    0.5433290198E+01    0.5135003777E+01   -0.2163058235E+02
        17    0.5986508388E+01    0.5070463229E+01   -0.1635699213E+02
        18    0.1563619794E+01    0.1667476878E+01    0.2617000757E+03
        19    0.1964216946E+01    0.1322735001E+01    0.2898688385E+03
        20    0.1808413781E+01    0.1298431321E+01    0.2918546854E+03
        21    0.1960124213E+01    0.3824767287E+01    0.8542847671E+02
        22    0.2340015836E+01    0.2907849863E+01    0.1603495442E+03
        23    0.1879607244E+01    0.3387757027E+01    0.1211364634E+03
        24    0.4328128024E+01    0.4871584221E+01   -0.1066437282E+00
        25    0.3626033808E+01    0.4872251678E+01   -0.1611813853E+00
        26    0.4970470299E+01    0.6625688818E+01   -0.1434340422E+03
        27    0.4463562762E+01    0.4869985856E+01    0.2395823572E-01
        28    0.4034214553E+01    0.4870025206E+01    0.2074300915E-01
        29    0.5483972841E+01    0.4813911854E+01    0.4605749368E+01
        30    0.6184184368E+01    0.4815916392E+01    0.4441959151E+01
        31    0.4315178502E+01    0.4806626498E+01    0.5201033781E+01
        32    0.4287108980E+01    0.4809084325E+01    0.5000205418E+01
        33    0.4627970425E+01    0.4926174823E+01   -0.4567226617E+01
        34    0.4523332783E+01    0.4884240515E+01   -0.1140786001E+01
        35    0.3576461963E+01    0.4893905069E+01   -0.1930474006E+01
        36    0.6058052797E+01    0.4789615577E+01    0.6590991351E+01
        37    0.6013650450E+01    0.4767510013E+01    0.8397230907E+01
        38    0.5213692565E+01    0.4771040436E+01    0.8108760954E+01
        39    0.5816440504E+01    0.5215662594E+01   -0.2822119181E+02
        40    0.5664073810E+01    0.4936540920E+01   -0.5414237500E+01
        41    0.4602333652E+01    0.5020390039E+01   -0.1226552571E+02
        42    0.4800734589E+01    0.5117301548E+01   -0.2018413808E+02
        43    0.3988366624E+01    0.4871898000E+01   -0.1322825180E+00
        44    0.3917392518E+01    0.4874356160E+01   -0.3331381021E+00
        45    0.5599596850E+01    0.4859596282E+01    0.8728874519E+00
        46    0.4651035323E+01    0.4870174508E+01    0.8543548551E-02
        47    0.4346187420E+01    0.4869783086E+01    0.4052654678E-01
        48    0.4782409055E+01    0.4966724445E+01   -0.7880524904E+01
        49    0.4771205320E+01    0.4871820251E+01   -0.1259296810E+00
        50    0.5203527312E+01    0.4872820576E+01   -0.2076658887E+00
        51    0.5337295524E+01    0.4791244719E+01    0.6457874625E+01
        52    0.6293181457E+01    0.4811972188E+01    0.4764238968E+01
        53    0.3887295424E+01    0.4812221214E+01    0.4743891118E+01
        54    0.3689597479E+01    0.4798785460E+01    0.5841722819E+01
        55    0.6645078972E+01    0.4777731961E+01    0.7561998368E+01
        56    0.5300603221E+01    0.4913073509E+01   -0.3496721915E+01
        57    0.5030830694E+01    0.4950002444E+01   -0.6514174877E+01
        58    0.5131545825E+01    0.4973432346E+01   -0.8428625614E+01
        59    0.6523022301E+01    0.5050008482E+01   -0.1468564045E+02
        60    0.5631049445E+01    0.5081880905E+01   -0.1728992720E+02
        61    0.5307607378E+01    0.5164315645E+01   -0.2402564688E+02
        62    0.4730528299E+01    0.5129521219E+01   -0.2118260401E+02
        63    0.1605877655E+01    0.1445676634E+01    0.2798233119E+03
        64    0.2562581276E+01    0.1757630359E+01    0.2543336598E+03
        65    0.1423007374E+01    0.2411549860E+01    0.2009020794E+03
        66    0.1548754523E+01    0.3477276840E+01    0.1138218244E+03
        67    0.2497220519E+01    0.1586387796E+01    0.2683258420E+03
        68    0.2036421682E+01    0.2548292848E+01    0.1897288479E+03
        69    0.1696293082E+01    0.1629081197E+01    0.2648373761E+03
        70    0.2393978169E+01    0.1805664203E+01    0.2504088278E+03
        71    0.1842956209E+01    0.2600351424E+01    0.1854751561E+03
        72    0.2115742695E+01    0.2827794527E+01    0.1668908435E+03
        73    0.2324315410E+01    0.3060168176E+01    0.1479036573E+03
        74    0.6023370389E+01    0.4813784972E+01    0.4616116855E+01
        75    0.4537062608E+01    0.4798954043E+01    0.5827947958E+01
        76    0.3214799793E+01    0.4798785460E+01    0.5841722819E+01
        77    0.6375504982E+01    0.4786897397E+01    0.6813093093E+01
        78    0.6142036210E+01    0.4776890110E+01    0.7630785748E+01
        79    0.5432554827E+01    0.4779948398E+01    0.7380893857E+01
        80    0.5236543012E+01    0.4934483670E+01   -0.5246140162E+01
        81    0.5417162109E+01    0.4935082657E+01   -0.5295083238E+01
        82    0.6817073092E+01    0.5236764241E+01   -0.2994540153E+02
        83    0.6398742919E+01    0.5283257878E+01   -0.3374438365E+02
        84    0.7117395296E+01    0.5169553097E+01   -0.2445359765E+02
        85    0.2341269868E+01    0.1475568369E+01    0.2773808665E+03
        86    0.1686086439E+01    0.2129096284E+01    0.2239812825E+03
        87    0.1962004355E+01    0.2232769212E+01    0.2155101964E+03
        88    0.2711951359E+01    0.2840915517E+01    0.1658187310E+03
        89    0.2042803707E+01    0.3653612667E+01    0.9941347301E+02
        90    0.2065608799E+01    0.1944693706E+01    0.2390487658E+03
        91    0.4551475838E+01    0.4863051555E+01    0.5905580523E+00
        92    0.4690470077E+01    0.4873485581E+01   -0.2620032783E+00
        93    0.3520095171E+01    0.4872357011E+01   -0.1697881661E+00
        94    0.4630992305E+01    0.4871587689E+01   -0.1069270444E+00
        95    0.5290320619E+01    0.4868923628E+01    0.1107526441E+00
        96    0.4134395041E+01    0.4870001297E+01    0.2269659429E-01
        97    0.5969642723E+01    0.4810110777E+01    0.4916334285E+01
        98    0.4572972107E+01    0.4798785460E+01    0.5841722819E+01
        99    0.3516069293E+01    0.4799062393E+01    0.5819094688E+01
       100    0.4235459161E+01    0.4929117113E+01   -0.4807640308E+01
       101    0.5355879366E+01    0.4916573177E+01   -0.3782678766E+01
       102    0.6570992021E+01    0.4791999650E+01    0.6396189432E+01
       103    0.5594921286E+01    0.4768466505E+01    0.8319076184E+01
       104    0.6581941225E+01    0.4774390434E+01    0.7835033605E+01
       105    0.6347028560E+01    0.5065772813E+01   -0.1597373952E+02
       106    0.5358477578E+01    0.5087011426E+01   -0.1770914071E+02
       107    0.6194619891E+01    0.5089899273E+01   -0.1794510586E+02
       108    0.4444378266E+01    0.4886080347E+01   -0.1291118088E+01
       109    0.4410651530E+01    0.4888576300E+01   -0.1495061786E+01
       110    0.4523354721E+01    0.4882231808E+01   -0.9766550594E+00
       111    0.4072196491E+01    0.4868395795E+01    0.1538816802E+00
       112    0.4796419169E+01    0.4866605554E+01    0.3001617900E+00
       113    0.4767996235E+01    0.4868257088E+01    0.1652153943E+00
       114    0.4716535002E+01    0.4877796045E+01   -0.6142100970E+00
       115    0.4535834564E+01    0.4878955002E+01   -0.7089081536E+00
       116    0.4635133763E+01    0.4876618646E+01   -0.5180051872E+00
       117    0.5004303233E+01    0.4839595419E+01    0.2507152386E+01
       118    0.4770044727E+01    0.4868316961E+01    0.1603232457E+00
       119    0.3961487736E+01    0.4869875880E+01    0.3294438985E-01
       120    0.6417723431E+01    0.4799768163E+01    0.5761426426E+01
       121    0.5867241689E+01    0.4817169075E+01    0.4339602734E+01
       122    0.4803881267E+01    0.4798785460E+01    0.5841722819E+01
       123    0.3905669365E+01    0.4798785460E+01    0.5841722819E+01
       124    0.6377828005E+01    0.4824702167E+01    0.3724075855E+01
       125    0.5937513434E+01    0.4792371465E+01    0.6365808578E+01
       126    0.3314447090E+01    0.4927783237E+01   -0.4698649646E+01
       127    0.3768005716E+01    0.4887480732E+01   -0.1405543185E+01
       128    0.3064709989E+01    0.4884257768E+01   -0.1142195687E+01
       129    0.6830337149E+01    0.5257681542E+01   -0.3165454838E+02
       130    0.5733969426E+01    0.5013780043E+01   -0.1172542473E+02
       131    0.2126567246E+01    0.2070684545E+01    0.2287540894E+03
       132    0.1912019945E+01    0.1345153358E+01    0.2880370408E+03
       133    0.2030780700E+01    0.1840322418E+01    0.2475769147E+03
       134    0.2311684118E+01    0.2380386911E+01    0.2034483953E+03
       135    0.2172653965E+01    0.3582441724E+01    0.1052288310E+03
       136    0.2342079464E+01    0.2391862062E+01    0.2025107639E+03
       137    0.1997014787E+01    0.1939477395E+01    0.2394749891E+03
       138    0.2117075344E+01    0.1556210298E+01    0.2707916370E+03
       139    0.2768793192E+01    0.2249822968E+01    0.2141167387E+03
       140    0.1793038091E+01    0.3211734663E+01    0.1355192018E+03
       141    0.2870550432E+01    0.1958413381E+01    0.2379277350E+03
       142    0.6227888685E+01    0.4811782699E+01    0.4779722061E+01
       143    0.4806968304E+01    0.4809254346E+01    0.4986313014E+01
       144    0.5747555556E+01    0.4808381803E+01    0.5057608325E+01
       145    0.6633241997E+01    0.4791186243E+01    0.6462652669E+01
       146    0.5194494982E+01    0.4771637250E+01    0.8059995493E+01
       147    0.6382826490E+01    0.4777979761E+01    0.7541750699E+01
       148    0.3581515296E+01    0.4927175668E+01   -0.4649005345E+01
       149    0.4029499195E+01    0.4890021471E+01   -0.1613146306E+01
       150    0.5006098947E+01    0.4964008549E+01   -0.7658609828E+01
       151    0.4357243335E+01    0.5019721723E+01   -0.1221091779E+02
       152    0.5238300818E+01    0.5240059289E+01   -0.3021463895E+02
       153    0.5675460698E+01    0.5260123914E+01   -0.3185411392E+02
       154    0.1679042179E+01    0.1688657431E+01    0.2599694186E+03
       155    0.2395729642E+01    0.1446137823E+01    0.2797856283E+03
       156    0.1737415858E+01    0.2454430873E+01    0.1973982837E+03
       157    0.1917367094E+01    0.3374184104E+01    0.1222455032E+03
       158    0.2754131480E+01    0.1883663591E+01    0.2440355195E+03
       159    0.2027842007E+01    0.3488761596E+01    0.1128834082E+03
       160    0.4813046074E+01    0.5080967363E+01   -0.1721528197E+02
       161    0.3974776421E+01    0.4871711512E+01   -0.1170446498E+00
       162    0.3920541969E+01    0.4874025664E+01   -0.3061333484E+00
       163    0.5071202015E+01    0.4847738314E+01    0.1841798755E+01
       164    0.4598321610E+01    0.4870008729E+01    0.2208931063E-01
       165    0.4346024058E+01    0.4869478333E+01    0.6542780505E-01
       166    0.6127085940E+01    0.4810677724E+01    0.4870009224E+01
       167    0.4754208319E+01    0.4803860860E+01    0.5427013297E+01
       168    0.5646512711E+01    0.4805017396E+01    0.5332513080E+01
       169    0.5184954822E+01    0.4889500779E+01   -0.1570600644E+01
       170    0.3623681847E+01    0.4884240515E+01   -0.1140786001E+01
       171    0.4360052348E+01    0.4955680911E+01   -0.6978160802E+01
       172    0.5300369123E+01    0.4770578212E+01    0.8146529204E+01
       173    0.6305918995E+01    0.4807512598E+01    0.5128630763E+01
       174    0.5745542000E+01    0.4798303817E+01    0.5881077707E+01
       175    0.4578679480E+01    0.5022201942E+01   -0.1241357579E+02
       176    0.7231217800E+01    0.5164250156E+01   -0.2402029584E+02
       177    0.5253120612E+01    0.5221505464E+01   -0.2869861107E+02
       178    0.4470730484E+01    0.4871744585E+01   -0.1197469966E+00
       179    0.3034834171E+01    0.4872285856E+01   -0.1639740800E+00
       180    0.5092112133E+01    0.6725663487E+01   -0.1516029446E+03
       181    0.4471742401E+01    0.4870098866E+01    0.1472428209E-01
       182    0.3922537798E+01    0.4870112823E+01    0.1358385060E-01
       183    0.5340951144E+01    0.4807123990E+01    0.5160383841E+01
       184    0.4458777006E+01    0.4871209815E+01   -0.7605111972E-01
       185    0.4098065208E+01    0.4871918728E+01   -0.1339761603E+00
       186    0.5153421153E+01    0.5452239556E+01   -0.4755182950E+02
       187    0.4966878690E+01    0.4865254268E+01    0.4105749747E+00
       188    0.4624259039E+01    0.4863824184E+01    0.5274267322E+00
       189    0.4582592154E+01    0.4869885039E+01    0.3219595259E-01
       190    0.4424409886E+01    0.4869225974E+01    0.8604799879E-01
       191    0.4342834041E+01    0.4804837902E+01    0.5347179438E+01
       192    0.5383132905E+01    0.4803277668E+01    0.5474665757E+01
       193    0.4879111126E+01    0.4776226437E+01    0.7685014306E+01
       194    0.5759951723E+01    0.4771316472E+01    0.8086206198E+01
       195    0.5522228129E+01    0.4771571290E+01    0.8065385036E+01
       196    0.5253460151E+01    0.4827329112E+01    0.3509428911E+01
       197    0.5623999412E+01    0.4912949654E+01   -0.3486601693E+01
       198    0.4865340660E+01    0.4985337897E+01   -0.9401424912E+01
       199    0.3539576278E+01    0.4900507974E+01   -0.2469995496E+01
       200    0.6825937572E+01    0.5251043116E+01   -0.3111212439E+02
       201    0.2145794566E+01    0.1434596120E+01    0.2807286976E+03
       202    0.1792878429E+01    0.1254290482E+01    0.2954614211E+03
       203    0.1941259428E+01    0.3094356637E+01    0.1451101276E+03
       204    0.2275744716E+01    0.2481854225E+01    0.1951575293E+03
       205    0.2017324425E+01    0.3486866701E+01    0.1130382395E+03
       206    0.1561346295E+01    0.1754829500E+01    0.2545625172E+03
       207    0.1890096978E+01    0.1585759726E+01    0.2683771614E+03
       208    0.1710174949E+01    0.1438151155E+01    0.2804382167E+03
       209    0.1733889322E+01    0.3203796019E+01    0.1361678662E+03
       210    0.2403405864E+01    0.2039045894E+01    0.2313392748E+03
       211    0.1789979678E+01    0.3032827358E+01    0.1501376679E+03
       212    0.2944220046E+01    0.4798785460E+01    0.5841722819E+01
       213    0.5213365605E+01    0.4808447078E+01    0.5052274666E+01
       214    0.5790689290E+01    0.4826488656E+01    0.3578102349E+01
       215    0.5600769939E+01    0.4780397984E+01    0.7344158368E+01
       216    0.3947450403E+01    0.4788097716E+01    0.6715015389E+01
       217    0.6093392542E+01    0.4795273261E+01    0.6128703611E+01
       218    0.6210243103E+01    0.4939338113E+01   -0.5642795398E+01
       219    0.5007630856E+01    0.4963692580E+01   -0.7632792114E+01
       220    0.3258692407E+01    0.4885792373E+01   -0.1267587853E+01
       221    0.7079493120E+01    0.5204941458E+01   -0.2734517081E+02
       222    0.5539232561E+01    0.4966426494E+01   -0.7856179427E+01
       223    0.4427263342E+01    0.5025987214E+01   -0.1272286929E+02
       224    0.1675662958E+01    0.1731935939E+01    0.2564331437E+03
       225    0.1911851995E+01    0.1136899467E+01    0.3050534083E+03
       226    0.2074058710E+01    0.1439166256E+01    0.2803552731E+03
       227    0.1889694579E+01    0.2705956743E+01    0.1768461749E+03
       228    0.2235089544E+01    0.4017979229E+01    0.6964118268E+02
       229    0.2391718901E+01    0.3147267839E+01    0.1407867680E+03
       230    0.4551678031E+01    0.4882825215E+01   -0.1025142174E+01
       231    0.4407790320E+01    0.4884249751E+01   -0.1141540669E+01
       232    0.4394605061E+01    0.4880338311E+01   -0.8219379345E+00
       233    0.4872036601E+01    0.4866723890E+01    0.2904926252E+00
       234    0.5071959079E+01    0.4865837162E+01    0.3629469319E+00
       235    0.5136135176E+01    0.4867538789E+01    0.2239074155E+00
       236    0.3197944428E+01    0.4799123871E+01    0.5814071320E+01
       237    0.5059853658E+01    0.4807682466E+01    0.5114750956E+01
       238    0.5342680175E+01    0.4823707007E+01    0.3805390124E+01
       239    0.3197498319E+01    0.4908088121E+01   -0.3089367198E+01
       240    0.3767598455E+01    0.4970289121E+01   -0.8171793617E+01
       241    0.2815691735E+01    0.4884240515E+01   -0.1140786001E+01
       242    0.6867468069E+01    0.4795604056E+01    0.6101674429E+01
       243    0.5333658689E+01    0.4767242940E+01    0.8419053323E+01
       244    0.5209025640E+01    0.4809797346E+01    0.4941944634E+01
       245    0.6603191803E+01    0.5000720564E+01   -0.1065833831E+02
       246    0.5005655022E+01    0.5198698631E+01   -0.2683507113E+02
       247    0.6215337862E+01    0.5158930057E+01   -0.2358559197E+02
       248    0.4410789617E+01    0.4862543413E+01    0.6320782115E+00
       249    0.4728994418E+01    0.4874912608E+01   -0.3786052421E+00
       250    0.3070247734E+01    0.4872379712E+01   -0.1716430243E+00
       251    0.5612002702E+01    0.4871021430E+01   -0.6065818981E-01
       252    0.4928066065E+01    0.4869030120E+01    0.1020511454E+00
       253    0.4182844139E+01    0.4870082949E+01    0.1602480389E-01
       254    0.4785902940E+01    0.4865516246E+01    0.3891688385E+00
       255    0.3827384573E+01    0.4872030998E+01   -0.1431496969E+00
       256    0.4551067419E+01    0.4869871962E+01    0.3326446858E-01
       257    0.4312652488E+01    0.4869909350E+01    0.3020958101E-01
       258    0.4742742945E+01    0.4866687698E+01    0.2934498143E+00
       259    0.3630109062E+01    0.4801042915E+01    0.5657266760E+01
       260    0.4515987635E+01    0.4798785460E+01    0.5841722819E+01
       261    0.5674093832E+01    0.4832335230E+01    0.3100380422E+01
       262    0.6365433187E+01    0.4788279959E+01    0.6700124386E+01
       263    0.5661587764E+01    0.4771440183E+01    0.8076097751E+01
       264    0.4816504628E+01    0.4776598544E+01    0.7654609542E+01
       265    0.5613111015E+01    0.4937130814E+01   -0.5462437571E+01
       266    0.4449904893E+01    0.4884269682E+01   -0.1143169217E+01
       267    0.4607507529E+01    0.5128540184E+01   -0.2110244391E+02
       268    0.7271891038E+01    0.5423515038E+01   -0.4520475717E+02
       269    0.6314310967E+01    0.5427275672E+01   -0.4551203750E+02
       270    0.2328544331E+01    0.1928362652E+01    0.2403831717E+03
       271    0.1347678248E+01    0.2095580838E+01    0.2267198202E+03
       272    0.2476369027E+01    0.2524553203E+01    0.1916686077E+03
       273    0.2654117169E+01    0.1900681980E+01    0.2426449517E+03
       274    0.2043230623E+01    0.2906920904E+01    0.1604254492E+03
       275    0.2579341907E+01    0.1554031726E+01    0.2709696475E+03
